1.275458e+03	1	2.094885e-05	26	5.600000e-08	1.383363e-05	25	1.097976e-05	
2.304394e+03	1	2.950811e-05	5	3.080000e-07	2.441876e-05	61	1.097976e-05	
3.660946e+03	1	2.009306e-05	1	3.080000e-07	2.441876e-05	21	1.097976e-05	
5.063597e+03	1	1.068404e-05	3	3.080000e-07	2.441876e-05	40	1.097976e-05	
6.441985e+03	1	1.744565e-05	112	5.600000e-08	1.383363e-05	109	1.097976e-05	
6.922273e+03	1	2.644278e-05	4	3.080000e-07	2.441876e-05	48	1.097976e-05	
9.233150e+03	1	1.099297e-05	30	5.600000e-08	1.383363e-05	28	1.097976e-05	
1.253743e+04	1	5.534023e-06	112	8.400000e-08	1.583555e-05	114	1.097976e-05	
1.809450e+04	0	1.557268e-05	35	2.800000e-08	1.097976e-05	34	1.097976e-05	
1.826789e+04	1	3.421473e-05	6	3.080000e-07	2.441876e-05	73	1.097976e-05	
2.172441e+04	1	1.541913e-05	19	5.600000e-08	1.383363e-05	18	1.097976e-05	
2.177134e+04	1	1.628521e-05	5	3.360000e-07	2.513737e-05	69	1.097976e-05	
3.864328e+04	1	1.910082e-05	3	3.360000e-07	2.513737e-05	57	1.097976e-05	
4.692250e+04	1	1.516228e-05	2	3.360000e-07	2.513737e-05	30	1.383363e-05	
5.535772e+04	1	2.660268e-05	13	3.080000e-07	2.441876e-05	118	1.097976e-05	
5.868090e+04	1	3.248383e-05	5	3.640000e-07	2.581708e-05	54	1.097976e-05	
5.946241e+04	1	2.293272e-05	26	8.400000e-08	1.583555e-05	31	1.097976e-05	
6.119445e+04	1	2.014096e-05	17	5.600000e-08	1.383363e-05	15	1.097976e-05	
7.102500e+04	1	2.175677e-05	11	3.080000e-07	2.441876e-05	100	1.097976e-05	
8.192127e+04	0	3.624641e-05	5	3.640000e-07	2.581708e-05	68	1.097976e-05	
1.020233e+05	0	1.709726e-05	17	5.600000e-08	1.383363e-05	20	1.097976e-05	
1.124274e+05	1	2.187270e-05	6	3.360000e-07	2.513737e-05	58	1.097976e-05	
1.170032e+05	1	1.553504e-05	1	3.360000e-07	2.513737e-05	23	1.097976e-05	
1.337167e+05	0	3.119493e-05	6	3.360000e-07	2.513737e-05	87	1.097976e-05	
1.487910e+05	1	2.486682e-05	3	3.640000e-07	2.581708e-05	45	1.097976e-05	
1.835270e+05	1	1.750051e-05	3	3.920000e-07	2.646277e-05	78	1.097976e-05	
1.946381e+05	0	1.526582e-05	60	2.800000e-08	1.097976e-05	56	1.097976e-05	
2.130431e+05	0	2.749531e-05	7	2.800000e-07	2.365517e-05	56	1.097976e-05	
2.298629e+05	1	2.332446e-05	7	3.080000e-07	2.441876e-05	44	1.097976e-05	
2.472372e+05	0	2.627315e-05	19	5.600000e-08	1.383363e-05	17	1.383363e-05	
2.546107e+05	0	2.308129e-05	112	8.400000e-08	1.583555e-05	110	1.097976e-05	
3.036994e+05	3	8.247800e-06	75	1.995816e-08	9.807993e-06	70	1.097976e-05	3687573659	1.802092e-08	3196256300	1.802092e-08	
3.077569e+05	0	3.363263e-05	4	3.080000e-07	2.441876e-05	37	1.097976e-05	
3.597271e+05	1	3.150502e-05	6	6.160000e-07	3.076571e-05	10	2.365517e-05	
3.607077e+05	1	3.469173e-05	6	9.800000e-07	3.591551e-05	5	2.581708e-05	
3.799859e+05	3	8.098500e-06	64	2.067786e-08	9.924498e-06	38	1.097976e-05	848448836	1.766107e-08	2211003714	1.766107e-08	
3.891018e+05	1	1.107736e-05	26	1.120000e-07	1.742928e-05	29	1.097976e-05	
4.094025e+05	2	3.309588e-05	6	1.222631e-06	3.866385e-05	9	2.365517e-05	2916276788	1.868454e-08	3696193412	1.868454e-08	
4.260948e+05	3	7.914397e-06	95	1.400000e-08	8.714638e-06	49	1.097976e-05	15308464	1.400000e-08	1239307652	1.400000e-08	1945448119	1.400000e-08	
4.329385e+05	0	1.444567e-05	50	2.800000e-08	1.097976e-05	36	1.097976e-05	
4.557153e+05	1	2.871759e-05	6	1.250631e-06	3.895678e-05	59	1.097976e-05	
4.861093e+05	1	2.563387e-05	3	4.200000e-07	2.707841e-05	92	1.097976e-05	
5.026307e+05	0	3.487207e-05	11	3.080000e-07	2.441876e-05	82	1.097976e-05	
5.135782e+05	0	2.330701e-05	17	5.600000e-08	1.383363e-05	16	1.097976e-05	
5.687326e+05	0	4.335294e-05	6	1.250631e-06	3.895678e-05	3696193412	9.594760e-06	
5.792903e+05	1	1.335106e-05	4	3.360000e-07	2.513737e-05	67	1.097976e-05	
6.805888e+05	1	1.947509e-05	12	3.080000e-07	2.441876e-05	111	1.097976e-05	
7.832641e+05	0	3.265709e-05	13	3.080000e-07	2.441876e-05	108	1.097976e-05	
7.880743e+05	0	2.794498e-05	8	2.800000e-07	2.365517e-05	129	1.097976e-05	
8.438688e+05	1	3.968580e-05	6	1.278631e-06	3.924537e-05	53	1.097976e-05	
9.842469e+05	0	3.474035e-05	7	3.080000e-07	2.441876e-05	87	1.097976e-05	
1.088528e+06	3	1.220799e-05	77	1.400000e-08	8.714638e-06	1239307652	8.714638e-06	3396227953	1.400000e-08	3321237907	1.400000e-08	
1.124001e+06	0	3.047785e-05	3	4.200000e-07	2.707841e-05	848448836	9.416272e-06	
1.191729e+06	1	2.561106e-05	14	3.080000e-07	2.441876e-05	139	1.097976e-05	
1.283872e+06	0	3.595711e-05	4	3.360000e-07	2.513737e-05	71	1.097976e-05	
1.390130e+06	1	3.873471e-05	6	1.306631e-06	3.952977e-05	63	1.097976e-05	
1.609366e+06	1	9.688974e-06	2	3.536611e-07	2.557030e-05	848448836	9.416272e-06	
1.655823e+06	1	9.986492e-02	0	1.000000e+00	1.000000e-01	148	1.097976e-05	
1.683935e+06	0	3.043907e-05	11	3.080000e-07	2.441876e-05	133	1.097976e-05	
1.734287e+06	0	3.521725e-05	4	3.360000e-07	2.513737e-05	52	1.097976e-05	
1.804365e+06	0	4.748294e-05	4	3.360000e-07	2.513737e-05	7	2.441876e-05	
1.978071e+06	0	3.116821e-05	11	3.080000e-07	2.441876e-05	103	1.097976e-05	
2.013191e+06	1	1.391833e-05	6	1.334631e-06	3.981014e-05	68	1.097976e-05	
2.030323e+06	2	9.102934e-06	3	4.254950e-07	2.719599e-05	65	1.097976e-05	3187199216	2.250499e-08	
2.060533e+06	4	4.462697e-06	37	1.400000e-08	8.714638e-06	34	1.097976e-05	3330100144	1.400000e-08	310481256	1.400000e-08	817087088	1.400000e-08	
2.092465e+06	0	1.955796e-05	20	2.800000e-08	1.097976e-05	16	1.097976e-05	
2.101575e+06	3	1.721590e-05	1	2.981630e-07	2.415598e-05	19	1.383363e-05	551137729	1.563950e-08	1218250404	1.563950e-08	1035956119	1.563950e-08	1211996162	1.563950e-08	188552836	1.563950e-08	2029773149	1.563950e-08	
2.124903e+06	1	2.996876e-05	6	1.352652e-06	3.998852e-05	3687573659	9.479796e-06	
2.125218e+06	1	2.616859e-05	1	3.138025e-07	2.457115e-05	188552836	9.042342e-06	
2.141240e+06	1	2.980388e-05	6	1.380652e-06	4.026256e-05	84	1.097976e-05	
2.156350e+06	3	1.497914e-05	26	9.246640e-08	1.635064e-05	33	1.097976e-05	302486611	1.584453e-08	1842102965	1.584453e-08	1285693762	1.584453e-08	
2.223664e+06	3	1.006692e-05	1285693762	1.748403e-08	8.714638e-06	2029773149	9.042342e-06	1078741991	1.400000e-08	
2.257544e+06	0	3.032959e-05	2	3.536611e-07	2.557030e-05	1842102965	9.081686e-06	
2.311211e+06	0	1.750139e-05	87	2.800000e-08	1.097976e-05	77	8.714638e-06	
2.317582e+06	0	2.579108e-05	26	9.246640e-08	1.635064e-05	24	1.097976e-05	
2.346411e+06	1	2.083906e-05	6	1.408652e-06	4.053292e-05	43	1.097976e-05	
2.382088e+06	0	3.173320e-05	1	3.138025e-07	2.457115e-05	1211996162	9.042342e-06	
2.415133e+06	0	2.754576e-05	2	3.536611e-07	2.557030e-05	1842102965	9.081686e-06	
2.437126e+06	1	1.018363e-05	126	5.600000e-08	1.383363e-05	72	1.097976e-05	
2.446499e+06	1	1.385754e-05	3	4.534950e-07	2.777991e-05	94	1.097976e-05	
2.482021e+06	0	2.131342e-05	105	2.800000e-08	1.097976e-05	71	1.097976e-05	
2.512424e+06	0	1.126881e-05	99	2.800000e-08	1.097976e-05	71	1.097976e-05	
2.520507e+06	0	1.180314e-05	27	2.800000e-08	1.097976e-05	310481256	8.714638e-06	
2.544941e+06	1	2.080324e-05	11	3.360000e-07	2.513737e-05	99	1.097976e-05	
2.563838e+06	0	2.783213e-05	3	4.534950e-07	2.777991e-05	52	1.097976e-05	
2.581060e+06	1	1.602470e-05	1	3.294420e-07	2.497275e-05	1035956119	9.042342e-06	
2.611729e+06	1	1.399351e-05	2	3.695056e-07	2.594659e-05	1842102965	9.081686e-06	
2.660414e+06	1	1.732165e-05	6	1.422652e-06	4.066676e-05	1945448119	8.714638e-06	
2.750690e+06	1	6.528520e-05	6	1.758652e-06	4.364488e-05	4	2.513737e-05	
2.805885e+06	0	1.521785e-05	89	2.800000e-08	1.097976e-05	52	1.097976e-05	
2.818361e+06	0	2.363207e-05	26	9.246640e-08	1.635064e-05	3330100144	8.714638e-06	
2.837571e+06	0	3.347252e-05	1	3.294420e-07	2.497275e-05	24	1.097976e-05	
2.881710e+06	0	1.991558e-05	26	9.246640e-08	1.635064e-05	817087088	8.714638e-06	
2.886130e+06	0	2.844231e-05	1	3.294420e-07	2.497275e-05	1211996162	9.042342e-06	
2.990419e+06	4	7.305193e-06	2211003714	1.766107e-08	8.714638e-06	3330100144	8.714638e-06	2723643411	1.400000e-08	
3.001191e+06	1	3.141158e-05	6	1.786652e-06	4.387529e-05	24	1.097976e-05	
3.017554e+06	0	1.517609e-05	152	2.800000e-08	1.097976e-05	147	1.097976e-05	
3.080041e+06	3	1.089862e-05	35	1.400000e-08	8.714638e-06	1218250404	9.042342e-06	1804212609	1.481975e-08	438292632	1.481975e-08	
3.149746e+06	1	2.052279e-05	2	3.843253e-07	2.628894e-05	1804212609	8.881513e-06	
3.187080e+06	0	1.800640e-05	106	2.800000e-08	1.097976e-05	95	8.714638e-06	
3.228305e+06	1	9.965079e-02	0	1.000000e+00	1.000000e-01	153	1.097976e-05	
3.272225e+06	4	7.411510e-06	3187199216	2.250499e-08	8.714638e-06	77	8.714638e-06	2001290253	1.400000e-08	
3.541358e+06	1	1.640511e-05	7	3.220000e-07	2.478327e-05	3321237907	8.714638e-06	
3.632912e+06	4	1.020114e-05	89	1.400000e-08	8.714638e-06	60	1.097976e-05	3147695692	1.400000e-08	3179285865	1.400000e-08	2173231515	1.400000e-08	
3.664385e+06	0	3.022395e-05	11	3.360000e-07	2.513737e-05	133	1.097976e-05	
3.796269e+06	0	1.883292e-05	88	2.800000e-08	1.097976e-05	71	1.097976e-05	
3.847702e+06	0	1.735489e-05	62	2.800000e-08	1.097976e-05	1211996162	9.042342e-06	
3.860628e+06	0	1.933149e-05	97	2.800000e-08	1.097976e-05	36	1.097976e-05	
3.877502e+06	1	1.535606e-05	3	4.674950e-07	2.806289e-05	2173231515	8.714638e-06	
3.993346e+06	0	2.638088e-05	1	3.294420e-07	2.497275e-05	22	1.097976e-05	
4.075095e+06	0	2.583297e-05	11	3.360000e-07	2.513737e-05	2001290253	8.714638e-06	
4.145362e+06	0	2.937829e-05	1	3.294420e-07	2.497275e-05	16	1.097976e-05	
4.337445e+06	0	1.787141e-05	82	2.800000e-08	1.097976e-05	76	1.097976e-05	
4.452904e+06	1	4.923824e-05	3	7.474950e-07	3.281528e-05	8	2.365517e-05	
4.557205e+06	1	2.062095e-05	6	1.814652e-06	4.410330e-05	27	1.097976e-05	
4.571439e+06	3	1.636671e-05	17	5.541243e-08	1.378507e-05	1285693762	8.714638e-06	740082705	1.807160e-08	
4.616353e+06	0	2.761963e-05	11	3.360000e-07	2.513737e-05	138	1.097976e-05	
4.640016e+06	1	1.967886e-05	12	3.360000e-07	2.513737e-05	41	1.097976e-05	
4.641285e+06	1	2.425866e-05	1	3.475136e-07	2.542127e-05	740082705	9.488675e-06	
4.697126e+06	3	1.946950e-05	7	3.101336e-07	2.447501e-05	32	1.097976e-05	2795063678	1.993322e-08	3642829293	1.993322e-08	
4.726360e+06	1	5.383640e-06	13	3.360000e-07	2.513737e-05	96	1.097976e-05	
4.828864e+06	0	1.996092e-05	20	2.800000e-08	1.097976e-05	551137729	9.042342e-06	
4.931585e+06	1	2.294570e-05	6	1.832673e-06	4.424882e-05	3196256300	9.479796e-06	
5.048657e+06	1	9.660662e-06	7	3.381336e-07	2.519046e-05	83	1.097976e-05	
5.163804e+06	0	2.064748e-05	17	5.541243e-08	1.378507e-05	22	1.097976e-05	
5.172366e+06	3	1.294787e-05	51	1.400000e-08	8.714638e-06	2916276788	9.594760e-06	2707128518	1.634227e-08	474866315	1.634227e-08	
5.452540e+06	0	1.801916e-05	128	2.800000e-08	1.097976e-05	121	1.097976e-05	
5.539615e+06	4	7.793269e-06	97	1.400000e-08	8.714638e-06	52	1.097976e-05	1639799867	1.400000e-08	1026028388	1.400000e-08	1128056158	1.400000e-08	
5.579085e+06	0	2.714272e-05	1	3.475136e-07	2.542127e-05	438292632	8.881513e-06	
5.590804e+06	1	9.937923e-02	0	1.000000e+00	1.000000e-01	98	1.097976e-05	
5.598296e+06	0	4.685907e-05	3	7.474950e-07	3.281528e-05	26	1.635064e-05	
5.683970e+06	3	1.005709e-05	7	3.347718e-07	2.510670e-05	64	9.924498e-06	2909632847	2.403962e-08	
5.689662e+06	0	1.418475e-05	3396227953	1.400000e-08	8.714638e-06	97	8.714638e-06	
5.705333e+06	1	8.401120e-06	14	3.360000e-07	2.513737e-05	113	1.097976e-05	
5.825487e+06	1	2.248602e-05	3	7.631345e-07	3.304256e-05	1211996162	9.042342e-06	
5.880027e+06	1	2.149414e-05	6	1.860673e-06	4.447303e-05	116	1.097976e-05	
6.118040e+06	0	3.221452e-05	14	3.360000e-07	2.513737e-05	126	1.383363e-05	
6.176215e+06	1	1.504884e-05	26	1.064664e-07	1.713737e-05	1026028388	8.714638e-06	
6.213649e+06	3	9.690092e-06	26	2.233045e-08	1.018214e-05	3187199216	8.714638e-06	937177227	1.523442e-08	3393811039	1.523442e-08	611212867	1.523442e-08	1104410542	1.523442e-08	2328232000	1.523442e-08	2999719241	1.523442e-08	1931993247	1.523442e-08	
6.222323e+06	1	9.609669e-02	0	1.000000e+00	1.000000e-01	76	1.097976e-05	
6.330398e+06	2	1.001685e-05	26	2.701498e-08	8.714638e-06	3696193412	9.594760e-06	1494850122	1.400000e-08	
6.379794e+06	1	2.283463e-05	1	3.755136e-07	2.608646e-05	62	1.097976e-05	
6.381130e+06	0	3.375001e-05	1	3.755136e-07	2.608646e-05	438292632	8.881513e-06	
6.421395e+06	4	1.095495e-05	102	1.400000e-08	8.714638e-06	611212867	8.963590e-06	3414514926	1.461721e-08	2312786130	1.461721e-08	
6.441716e+06	0	1.844986e-05	36	2.800000e-08	1.097976e-05	37	8.714638e-06	
6.474502e+06	3	1.419856e-05	90	1.400000e-08	8.714638e-06	89	8.714638e-06	3537925318	1.400000e-08	1634407402	1.400000e-08	
6.518041e+06	1	2.093591e-05	1	3.903334e-07	2.642522e-05	438292632	8.881513e-06	
6.530016e+06	0	9.847108e-06	26	2.701498e-08	8.714638e-06	1931993247	8.963590e-06	
6.640444e+06	0	4.197643e-05	3	7.631345e-07	3.304256e-05	1931993247	8.963590e-06	
6.837920e+06	1	2.440135e-05	3	7.771345e-07	3.324340e-05	37	8.714638e-06	
6.881792e+06	0	5.270796e-05	6	1.860673e-06	4.447303e-05	2795063678	9.803906e-06	
7.139180e+06	0	5.053662e-05	6	1.860673e-06	4.447303e-05	126	1.383363e-05	
7.197214e+06	0	1.631441e-05	87	2.800000e-08	1.097976e-05	50	1.097976e-05	
7.367670e+06	0	2.725369e-05	1	3.903334e-07	2.642522e-05	20	1.097976e-05	
7.376272e+06	0	1.509111e-05	129	2.800000e-08	1.097976e-05	55	1.097976e-05	
7.401835e+06	0	3.347057e-05	2	3.843253e-07	2.628894e-05	1104410542	8.963590e-06	
7.486206e+06	0	3.949156e-05	3	7.771345e-07	3.324340e-05	66	1.097976e-05	
7.515006e+06	0	3.393637e-05	2	3.843253e-07	2.628894e-05	35	8.714638e-06	
7.517379e+06	3	1.538424e-05	16	2.397574e-08	9.587382e-06	3414514926	8.840867e-06	3869596591	1.864147e-08	
7.529399e+06	0	3.120536e-05	2	3.843253e-07	2.628894e-05	22	1.097976e-05	
7.581539e+06	2	1.335057e-05	2	3.983187e-07	2.660420e-05	22	1.097976e-05	3375523036	1.400660e-08	
7.608885e+06	0	2.935655e-05	2	3.983187e-07	2.660420e-05	35	8.714638e-06	
7.700383e+06	0	3.000417e-05	1	3.903334e-07	2.642522e-05	551137729	9.042342e-06	
7.750003e+06	1	2.482770e-05	2	4.135532e-07	2.693914e-05	1104410542	8.963590e-06	
7.769253e+06	0	1.185826e-05	3393811039	1.523442e-08	8.963590e-06	1639799867	8.714638e-06	
7.829054e+06	0	3.742040e-05	3	7.771345e-07	3.324340e-05	2909632847	1.043556e-05	
8.323805e+06	1	1.624695e-05	1	4.043400e-07	2.673759e-05	3375523036	8.716007e-06	
8.424972e+06	0	2.632782e-05	7	3.347718e-07	2.510670e-05	2328232000	8.963590e-06	
8.471194e+06	1	2.098495e-05	2	4.275532e-07	2.723977e-05	1634407402	8.714638e-06	
8.553085e+06	1	1.123051e-05	3	7.911345e-07	3.344184e-05	1494850122	8.714638e-06	
8.837450e+06	0	2.685230e-05	11	3.360000e-07	2.513737e-05	105	1.097976e-05	
8.883154e+06	1	1.029947e-05	1	4.183400e-07	2.704268e-05	35	8.714638e-06	
8.979420e+06	1	7.822455e-06	7	3.500062e-07	2.548191e-05	1931993247	8.963590e-06	
8.988853e+06	1	9.973771e-02	0	1.000000e+00	1.000000e-01	128	1.097976e-05	
9.065844e+06	1	3.203428e-05	6	1.916673e-06	4.491479e-05	126	1.383363e-05	
9.146027e+06	1	2.502093e-05	2	4.515928e-07	2.774101e-05	2909632847	1.043556e-05	
9.171441e+06	0	3.606113e-05	3	7.911345e-07	3.344184e-05	1639799867	8.714638e-06	
9.250860e+06	4	1.169759e-05	17	1.400000e-08	8.714638e-06	551137729	9.042342e-06	772925454	1.426298e-08	2215785330	1.426298e-08	3491092596	1.426298e-08	57770090	1.426298e-08	
9.260305e+06	0	1.259401e-05	772925454	1.426298e-08	8.768866e-06	17	8.714638e-06	
9.262746e+06	1	1.276153e-05	3491092596	2.852596e-08	1.104808e-05	2215785330	8.768866e-06	
9.277597e+06	1	4.059150e-05	6	1.944673e-06	4.513244e-05	87	1.097976e-05	
9.340559e+06	0	2.887124e-05	13	3.360000e-07	2.513737e-05	101	1.097976e-05	
9.375003e+06	0	2.840526e-05	1	4.183400e-07	2.704268e-05	2723643411	8.714638e-06	
9.375003e+06	1	9.754892e-02	0	1.000000e+00	1.000000e-01	2723643411	8.714638e-06	
9.454212e+06	0	2.769503e-05	13	3.360000e-07	2.513737e-05	101	1.097976e-05	
9.492065e+06	0	1.663128e-05	57770090	1.426298e-08	8.768866e-06	772925454	8.768866e-06	
9.645925e+06	0	1.348309e-05	3491092596	2.852596e-08	1.104808e-05	772925454	8.768866e-06	
9.671891e+06	1	3.081583e-05	6	1.964631e-06	4.528632e-05	75	9.807993e-06	
9.676153e+06	1	1.758045e-05	2	4.655928e-07	2.802477e-05	1128056158	8.714638e-06	
9.867186e+06	0	3.568365e-05	1	4.183400e-07	2.704268e-05	817087088	8.714638e-06	
9.870133e+06	0	3.242172e-05	11	3.360000e-07	2.513737e-05	82	1.097976e-05	
1.010864e+07	0	3.348062e-05	3	7.911345e-07	3.344184e-05	3147695692	8.714638e-06	
1.017940e+07	0	3.479824e-05	12	3.360000e-07	2.513737e-05	47	1.097976e-05	
1.035347e+07	1	8.691153e-06	2	4.795928e-07	2.830290e-05	102	8.714638e-06	
1.083757e+07	1	2.241531e-05	7	3.640062e-07	2.581723e-05	3537925318	8.714638e-06	
1.093673e+07	2	3.522186e-05	6	2.256384e-06	4.742540e-05	7	2.581723e-05	3071577057	1.445067e-08	1452489764	1.445067e-08	4260098875	1.445067e-08	3696843781	1.445067e-08	2138100036	1.445067e-08	
1.100137e+07	1	1.000067e-01	0	1.000000e+00	1.000000e-01	17	8.714638e-06	
1.103169e+07	1	9.929455e-02	0	1.000000e+00	1.000000e-01	145	1.097976e-05	
1.126460e+07	1	3.363119e-05	2	8.979327e-07	3.488360e-05	1	2.704268e-05	
1.134761e+07	1	2.509083e-05	3	8.051345e-07	3.363795e-05	817087088	8.714638e-06	
1.143768e+07	1	1.741440e-05	3	8.203689e-07	3.384878e-05	937177227	8.963590e-06	
1.159219e+07	1	2.218447e-05	14	3.640000e-07	2.581708e-05	81	1.097976e-05	
1.193374e+07	1	2.546776e-05	14	3.920000e-07	2.646277e-05	121	1.097976e-05	
1.223860e+07	0	4.037348e-05	2	8.979327e-07	3.488360e-05	16	9.587382e-06	
1.225255e+07	0	1.974586e-05	122	2.800000e-08	1.097976e-05	119	1.097976e-05	
1.228934e+07	1	1.066861e-05	12	3.640000e-07	2.581708e-05	39	1.097976e-05	
1.229795e+07	1	1.873994e-05	2	9.219085e-07	3.519135e-05	16	9.587382e-06	
1.244251e+07	2	1.935293e-05	13	3.444142e-07	2.534547e-05	107	1.097976e-05	1726701215	1.958579e-08	
1.252493e+07	0	1.386378e-05	103	2.800000e-08	1.097976e-05	474866315	9.175804e-06	
1.273506e+07	0	4.226709e-05	3	8.203689e-07	3.384878e-05	2328232000	8.963590e-06	
1.303090e+07	1	3.779398e-05	6	2.270834e-06	4.752643e-05	4260098875	8.807163e-06	
1.334349e+07	0	5.331656e-05	6	2.270834e-06	4.752643e-05	3696843781	8.807163e-06	
1.375781e+07	4	6.592524e-06	2999719241	1.523442e-08	8.714638e-06	3179285865	8.714638e-06	1412415798	1.400000e-08	
1.410865e+07	1	4.679736e-05	6	2.298834e-06	4.772097e-05	79	1.097976e-05	
1.416816e+07	0	2.926494e-05	13	3.444142e-07	2.534547e-05	3642829293	9.803906e-06	
1.496330e+07	1	3.392126e-05	2	9.363592e-07	3.537427e-05	2138100036	8.807163e-06	
1.575896e+07	1	9.905016e-02	0	1.000000e+00	1.000000e-01	146	1.097976e-05	
1.617780e+07	1	3.494982e-05	6	2.312834e-06	4.781765e-05	1412415798	8.714638e-06	
1.620146e+07	1	2.149124e-05	6	2.331476e-06	4.794577e-05	3869596591	9.587382e-06	
1.649268e+07	1	9.868401e-02	0	1.000000e+00	1.000000e-01	150	1.097976e-05	
1.654970e+07	0	1.814385e-05	47	2.800000e-08	1.097976e-05	3147695692	8.714638e-06	
1.792429e+07	4	5.410332e-06	85	1.400000e-08	8.714638e-06	2999719241	8.714638e-06	375852842	1.461721e-08	3593732192	1.461721e-08	
1.800051e+07	1	9.761961e-02	0	1.000000e+00	1.000000e-01	149	1.097976e-05	
1.801843e+07	0	2.708595e-05	12	3.640000e-07	2.581708e-05	85	8.714638e-06	
1.833444e+07	0	1.266395e-05	3642829293	1.993322e-08	9.803906e-06	3393811039	8.963590e-06	
1.893651e+07	1	1.277996e-05	2	9.643592e-07	3.572341e-05	46	1.097976e-05	
1.919204e+07	1	9.820047e-02	0	1.000000e+00	1.000000e-01	2001290253	8.714638e-06	
2.016170e+07	1	2.049575e-05	6	2.359476e-06	4.813694e-05	86	1.097976e-05	
2.040370e+07	1	1.664746e-05	3	8.343689e-07	3.404025e-05	51	8.714638e-06	
2.055317e+07	1	1.000009e-01	0	1.000000e+00	1.000000e-01	57770090	8.768866e-06	
2.066673e+07	0	2.094621e-05	143	2.800000e-08	1.097976e-05	131	1.097976e-05	
2.102288e+07	4	1.011925e-05	141	1.400000e-08	8.714638e-06	55	1.097976e-05	3888264012	1.400000e-08	313359544	1.400000e-08	217284033	1.400000e-08	
2.125977e+07	0	5.349665e-05	6	2.359476e-06	4.813694e-05	47	1.097976e-05	
2.179144e+07	0	5.901178e-05	6	2.359476e-06	4.813694e-05	47	1.097976e-05	
2.192443e+07	1	4.060532e-05	6	2.387476e-06	4.832661e-05	47	1.097976e-05	
2.231499e+07	1	3.471375e-05	6	2.402093e-06	4.842504e-05	375852842	8.840867e-06	
2.251540e+07	1	2.711901e-05	6	2.416710e-06	4.852306e-05	3593732192	8.840867e-06	
2.276005e+07	3	1.314983e-05	127	1.400000e-08	8.714638e-06	103	1.097976e-05	2151269300	1.400000e-08	3913511150	1.400000e-08	2962530363	1.400000e-08	
2.314751e+07	1	9.977693e-02	0	1.000000e+00	1.000000e-01	3147695692	8.714638e-06	
2.354455e+07	1	9.999162e-02	0	1.000000e+00	1.000000e-01	310481256	8.714638e-06	
2.374736e+07	0	1.642105e-05	117	2.800000e-08	1.097976e-05	141	8.714638e-06	
2.407280e+07	0	1.938155e-05	115	2.800000e-08	1.097976e-05	217284033	8.714638e-06	
2.461703e+07	1	9.937078e-02	0	1.000000e+00	1.000000e-01	3393811039	8.963590e-06	
2.464016e+07	0	1.752440e-05	142	2.800000e-08	1.097976e-05	80	1.097976e-05	
2.476578e+07	3	1.298555e-05	3491092596	1.400000e-08	8.714638e-06	772925454	8.768866e-06	2063946235	1.439447e-08	1172086036	1.439447e-08	
2.479121e+07	1	3.645314e-06	2063946235	2.839447e-08	1.103108e-05	3491092596	8.714638e-06	
2.506010e+07	3	1.394329e-05	2211003714	1.766107e-08	8.065285e-06	3396227953	8.714638e-06	690117576	1.400000e-08	
2.539264e+07	0	3.808270e-05	2	9.643592e-07	3.572341e-05	1639799867	8.714638e-06	
2.544924e+07	1	1.000091e-01	0	1.000000e+00	1.000000e-01	2063946235	1.103108e-05	
2.572610e+07	1	9.953845e-02	0	1.000000e+00	1.000000e-01	66	1.097976e-05	
2.583952e+07	1	9.921237e-02	0	1.000000e+00	1.000000e-01	106	1.097976e-05	
2.690396e+07	0	1.928536e-05	50	2.800000e-08	1.097976e-05	2328232000	8.963590e-06	
2.750007e+07	1	4.288241e-05	6	2.444710e-06	4.870974e-05	104	1.097976e-05	
2.757795e+07	1	9.992209e-02	0	1.000000e+00	1.000000e-01	143	1.097976e-05	
2.767970e+07	1	3.210790e-05	2	9.783592e-07	3.589545e-05	85	8.714638e-06	
2.786247e+07	1	9.964520e-02	0	1.000000e+00	1.000000e-01	131	1.097976e-05	
2.802181e+07	3	1.731287e-05	71	2.457970e-08	9.443509e-06	1172086036	8.795731e-06	3288380490	1.781477e-08	
2.814477e+07	0	3.661165e-05	2	9.783592e-07	3.589545e-05	26	8.714638e-06	
2.821010e+07	1	2.067834e-05	3	8.623689e-07	3.441684e-05	36	1.097976e-05	
2.875298e+07	0	1.684887e-05	2328232000	1.523442e-08	8.963590e-06	1452489764	8.807163e-06	
2.979648e+07	3	1.193706e-05	2312786130	1.461721e-08	8.714638e-06	1639799867	8.714638e-06	845665321	1.400000e-08	
3.036941e+07	3	1.442669e-05	26	2.451469e-08	7.904743e-06	2211003714	8.065285e-06	3122982648	2.016137e-08	
3.053613e+07	1	9.960318e-02	0	1.000001e+00	1.000000e-01	144	1.097976e-05	
3.131712e+07	2	1.651551e-05	2	9.894543e-07	3.603063e-05	42	1.097976e-05	1471982444	1.690489e-08	
3.149531e+07	1	1.615569e-05	14	4.200000e-07	2.707841e-05	134	1.097976e-05	
3.173686e+07	4	8.593613e-06	71	1.400000e-08	7.827995e-06	3122982648	7.904743e-06	3303338876	1.537054e-08	2875471576	1.537054e-08	
3.190406e+07	0	4.972498e-05	12	3.640000e-07	2.581708e-05	13	2.534547e-05	
3.277647e+07	1	9.974361e-02	0	1.000001e+00	1.000000e-01	474866315	9.175804e-06	
3.388288e+07	1	1.000017e-01	0	1.000001e+00	1.000000e-01	71	7.827995e-06	
3.406131e+07	3	1.676107e-05	50	1.400000e-08	8.714638e-06	3303338876	8.075526e-06	1738909006	1.468527e-08	356405251	1.468527e-08	
3.461519e+07	3	7.675864e-06	93	1.400000e-08	8.714638e-06	56	1.097976e-05	2879167783	1.400000e-08	3083352544	1.400000e-08	4198169764	1.400000e-08	
3.466212e+07	1	2.787756e-05	3	8.801837e-07	3.465222e-05	3288380490	9.443509e-06	
3.499441e+07	0	3.467267e-05	3	8.801837e-07	3.465222e-05	2312786130	8.714638e-06	
3.507201e+07	1	1.881806e-05	2	1.013969e-06	3.632578e-05	26	7.904743e-06	
3.524651e+07	1	2.190823e-05	2	1.029339e-06	3.650841e-05	2875471576	8.075526e-06	
3.547780e+07	1	3.578425e-05	6	2.472710e-06	4.889500e-05	117	1.097976e-05	
3.592947e+07	3	1.802560e-05	135	1.400000e-08	8.714638e-06	132	1.097976e-05	821115011	1.400000e-08	2118016430	1.400000e-08	1945735688	1.400000e-08	
3.596178e+07	3	1.156999e-05	1738909006	1.468527e-08	8.714638e-06	2962530363	8.714638e-06	4093093422	1.400000e-08	
3.599766e+07	0	1.587798e-05	845665321	1.400000e-08	8.714638e-06	3913511150	8.714638e-06	
3.602080e+07	1	3.409786e-05	2	1.046244e-06	3.670718e-05	1471982444	9.279917e-06	
3.699761e+07	1	1.510470e-05	13	3.584142e-07	2.568434e-05	821115011	8.714638e-06	
3.717539e+07	1	2.427624e-05	2	1.060244e-06	3.687019e-05	4093093422	8.714638e-06	
3.726024e+07	1	3.573511e-05	6	2.486710e-06	4.898710e-05	97	8.714638e-06	
3.752685e+07	1	9.999625e-02	0	1.000001e+00	1.000000e-01	1078741991	8.714638e-06	
3.850576e+07	0	1.928955e-05	110	2.800000e-08	1.097976e-05	3913511150	8.714638e-06	
3.863662e+07	1	4.856410e-05	6	2.514710e-06	4.917028e-05	20	1.097976e-05	
3.993196e+07	0	4.208500e-05	2	1.060244e-06	3.687019e-05	356405251	8.854566e-06	
4.067147e+07	0	4.436099e-05	3	8.801837e-07	3.465222e-05	110	1.097976e-05	
4.125520e+07	1	9.998567e-02	0	1.000001e+00	1.000000e-01	2795063678	9.803906e-06	
4.125834e+07	0	4.244080e-05	3	8.801837e-07	3.465222e-05	2312786130	8.714638e-06	
4.156640e+07	0	2.888729e-05	14	4.200000e-07	2.707841e-05	93	8.714638e-06	
4.172090e+07	1	9.933745e-02	0	1.000001e+00	1.000000e-01	133	1.097976e-05	
4.249211e+07	0	5.085471e-05	6	2.514710e-06	4.917028e-05	2118016430	8.714638e-06	
4.320445e+07	1	4.542119e-05	6	2.528710e-06	4.926136e-05	15308464	8.714638e-06	
4.438259e+07	1	9.891132e-02	0	1.000001e+00	1.000000e-01	217284033	8.714638e-06	
4.441975e+07	0	1.769992e-05	115	2.800000e-08	1.097976e-05	690117576	8.065285e-06	
4.511692e+07	1	9.902600e-02	0	1.000001e+00	1.000000e-01	3888264012	8.714638e-06	
4.565459e+07	1	3.281181e-05	2	1.074244e-06	3.703176e-05	50	8.714638e-06	
4.588574e+07	1	9.906531e-02	0	1.000001e+00	1.000000e-01	105	1.097976e-05	
4.957529e+07	0	3.859921e-05	3	8.801837e-07	3.465222e-05	137	1.097976e-05	
4.969986e+07	0	3.153212e-05	11	3.360000e-07	2.513737e-05	130	1.097976e-05	
5.036467e+07	0	3.037449e-05	14	4.200000e-07	2.707841e-05	3083352544	8.714638e-06	
5.081410e+07	0	5.370996e-05	6	2.528710e-06	4.926136e-05	3696843781	8.807163e-06	
5.096911e+07	0	4.650141e-05	2	1.074244e-06	3.703176e-05	74	1.097976e-05	
5.252549e+07	1	1.000083e-01	0	1.000001e+00	1.000000e-01	356405251	8.854566e-06	
5.263596e+07	1	9.953684e-02	0	1.000001e+00	1.000000e-01	125	1.097976e-05	
5.430549e+07	1	4.452652e-05	6	2.556710e-06	4.944251e-05	82	1.097976e-05	
5.470216e+07	1	9.921285e-02	0	1.000001e+00	1.000000e-01	142	1.097976e-05	
5.485241e+07	1	9.965393e-02	0	1.000001e+00	1.000000e-01	152	1.097976e-05	
5.537634e+07	1	9.949691e-02	0	1.000001e+00	1.000000e-01	151	1.097976e-05	
5.539908e+07	1	9.675529e-02	0	1.000001e+00	1.000000e-01	302486611	9.081686e-06	
5.591787e+07	1	9.990423e-02	0	1.000001e+00	1.000000e-01	138	1.097976e-05	
5.618741e+07	1	2.108941e-05	6	2.570710e-06	4.953259e-05	313359544	8.714638e-06	
5.668481e+07	4	5.606561e-06	88	1.400000e-08	8.714638e-06	4198169764	8.714638e-06	2842015324	1.400000e-08	1249238030	1.400000e-08	
5.795808e+07	0	3.838593e-05	3	8.801837e-07	3.465222e-05	130	1.097976e-05	
5.795808e+07	1	9.735203e-02	0	1.000001e+00	1.000000e-01	130	1.097976e-05	
5.806435e+07	1	9.980815e-02	0	1.000001e+00	1.000000e-01	124	1.097976e-05	
5.873888e+07	1	9.938804e-02	0	1.000001e+00	1.000000e-01	2328232000	8.963590e-06	
5.897692e+07	0	4.198515e-05	2	1.074244e-06	3.703176e-05	115	1.097976e-05	
5.926735e+07	3	1.143001e-05	2312786130	1.461721e-08	8.590212e-06	135	8.714638e-06	3214077756	1.400000e-08	
5.972407e+07	1	9.953265e-02	0	1.000001e+00	1.000000e-01	2151269300	8.714638e-06	
5.988074e+07	1	9.967822e-02	0	1.000001e+00	1.000000e-01	3083352544	8.714638e-06	
6.048353e+07	1	9.934917e-02	0	1.000001e+00	1.000000e-01	123	1.097976e-05	
6.069397e+07	1	9.982425e-02	0	1.000001e+00	1.000000e-01	140	1.097976e-05	
6.078126e+07	1	6.497375e-06	6	2.584710e-06	4.962235e-05	93	8.714638e-06	
6.092271e+07	3	1.993903e-05	14	3.521456e-07	2.553372e-05	115	1.097976e-05	879162223	1.597573e-08	3884425642	1.597573e-08	1149406307	1.597573e-08	3528332227	1.597573e-08	4004407106	1.597573e-08	451270221	1.597573e-08	
6.140740e+07	1	3.210508e-05	6	2.612710e-06	4.980089e-05	137	1.097976e-05	
6.196484e+07	2	2.619426e-05	2	1.134503e-06	3.771163e-05	112	1.583555e-05	3149440925	2.374101e-08	
6.197378e+07	1	3.911969e-05	2	1.158244e-06	3.797287e-05	3149440925	1.039217e-05	
6.252719e+07	1	9.928060e-02	0	1.000001e+00	1.000000e-01	122	1.097976e-05	
6.267828e+07	1	9.812340e-02	0	1.000001e+00	1.000000e-01	110	1.097976e-05	
6.304388e+07	1	3.092701e-05	2	1.174220e-06	3.814666e-05	451270221	9.106684e-06	
6.329215e+07	1	1.666431e-06	6	2.628686e-06	4.990219e-05	3884425642	9.106684e-06	
6.408884e+07	2	4.251099e-05	6	2.939841e-06	5.179819e-05	14	2.553372e-05	2250775120	2.049553e-08	1130108289	2.049553e-08	
6.439351e+07	1	1.061197e-05	6	2.955816e-06	5.189185e-05	1149406307	9.106684e-06	
6.448396e+07	1	3.081446e-05	3	9.081837e-07	3.501584e-05	74	1.097976e-05	
6.547070e+07	1	9.964082e-02	0	1.000001e+00	1.000000e-01	1726701215	9.746613e-06	
6.559346e+07	1	2.002586e-05	6	2.970502e-06	5.197765e-05	1738909006	8.714638e-06	
6.618792e+07	1	1.866153e-05	11	3.640000e-07	2.581708e-05	108	1.097976e-05	
6.631244e+07	1	4.188544e-05	6	2.984502e-06	5.205917e-05	127	8.714638e-06	
6.759612e+07	1	9.975197e-02	0	1.000001e+00	1.000000e-01	1945735688	8.714638e-06	
6.858813e+07	1	1.362708e-05	3	9.221837e-07	3.519485e-05	1249238030	8.714638e-06	
6.910286e+07	0	3.938577e-05	2	1.174220e-06	3.814666e-05	2250775120	9.895242e-06	
7.070282e+07	4	4.301366e-06	1452489764	1.445067e-08	8.714638e-06	3913511150	8.714638e-06	2177968201	1.400000e-08	
7.093352e+07	1	9.897537e-02	0	1.000001e+00	1.000000e-01	1130108289	9.895242e-06	
7.204165e+07	1	2.958792e-05	2	1.194716e-06	3.836733e-05	2250775120	9.895242e-06	
7.211673e+07	1	2.919299e-06	11	3.799757e-07	2.618938e-05	3528332227	9.106684e-06	
7.325038e+07	0	3.924924e-05	3	9.221837e-07	3.519485e-05	4004407106	9.106684e-06	
7.517558e+07	1	2.182998e-05	3	9.381594e-07	3.539693e-05	4004407106	9.106684e-06	
7.549101e+07	3	1.173593e-05	12	3.524927e-07	2.554211e-05	147	1.097976e-05	2914302410	1.975366e-08	3655816389	1.975366e-08	
7.580928e+07	0	5.603112e-05	6	2.984502e-06	5.205917e-05	88	8.714638e-06	
7.602564e+07	1	4.956081e-05	6	2.998502e-06	5.214045e-05	88	8.714638e-06	
7.609160e+07	1	2.202685e-05	12	3.722463e-07	2.601059e-05	2914302410	9.774379e-06	
7.701717e+07	1	8.009764e-06	3	9.526101e-07	3.557774e-05	1452489764	8.714638e-06	
7.767384e+07	1	2.867562e-05	3	9.666101e-07	3.575119e-05	2177968201	8.714638e-06	
8.139392e+07	1	3.191750e-05	3	9.806101e-07	3.592296e-05	3214077756	8.590212e-06	
8.316472e+07	1	9.974549e-02	0	1.000001e+00	1.000000e-01	95	8.714638e-06	
9.530982e+07	1	9.992530e-02	0	1.000001e+00	1.000000e-01	879162223	9.106684e-06	
9.983864e+07	1	9.957133e-02	0	1.000001e+00	1.000000e-01	120	1.097976e-05	
1.062037e+08	1	9.810924e-02	0	1.000001e+00	1.000000e-01	154	1.097976e-05	
1.197967e+08	1	9.946786e-02	0	1.000001e+00	1.000000e-01	3655816389	9.774379e-06	
1.232363e+08	1	4.930361e-05	6	3.012502e-06	5.222147e-05	2118016430	8.714638e-06	
1.240203e+08	3	1.163743e-05	3071577057	1.445067e-08	8.714638e-06	845665321	8.714638e-06	3485819286	1.400000e-08	
1.276518e+08	1	3.690899e-05	6	3.040502e-06	5.238276e-05	119	1.097976e-05	
1.346161e+08	1	4.128952e-05	6	3.068502e-06	5.254307e-05	136	1.097976e-05	
1.491464e+08	1	3.436482e-05	2	1.209333e-06	3.852316e-05	2312786130	8.590212e-06	
1.506933e+08	1	9.992309e-02	0	1.000001e+00	1.000000e-01	101	1.097976e-05	
1.512825e+08	1	9.957814e-02	0	1.000001e+00	1.000000e-01	3485819286	8.714638e-06	
1.542207e+08	2	2.376674e-05	12	3.765115e-07	2.610955e-05	3642829293	9.803906e-06	1382686479	1.566802e-08	
1.555851e+08	1	9.938500e-02	0	1.000001e+00	1.000000e-01	129	1.097976e-05	
1.666165e+08	1	9.992725e-02	0	1.000001e+00	1.000000e-01	690117576	8.065285e-06	
1.677812e+08	1	3.581328e-05	6	3.082502e-06	5.262286e-05	90	8.714638e-06	
1.796403e+08	1	5.232340e-05	6	3.098170e-06	5.271187e-05	1382686479	9.047835e-06	
1.895665e+08	1	9.971519e-02	0	1.000001e+00	1.000000e-01	2707128518	9.175804e-06	
1.987656e+08	3	1.347895e-05	3	9.791293e-07	3.590487e-05	2879167783	8.714638e-06	1803925302	1.548080e-08	
1.987931e+08	1	2.867761e-05	3	9.946101e-07	3.609311e-05	1803925302	9.011652e-06	
2.296415e+08	3	2.398636e-05	3	9.893039e-07	3.602881e-05	2842015324	8.714638e-06	3293059020	1.930617e-08	
2.310684e+08	0	4.091073e-05	3	9.893039e-07	3.602881e-05	3293059020	9.700008e-06	
2.315089e+08	1	9.930735e-02	0	1.000001e+00	1.000000e-01	3293059020	9.700008e-06	
2.426491e+08	1	9.957920e-02	0	1.000001e+00	1.000000e-01	3071577057	8.714638e-06	
