1.370148e+02	1	2.544109e-06	95	5.600000e-08	1.383363e-05	93	1.097976e-05	
1.537021e+03	0	1.562111e-05	55	2.800000e-08	1.097976e-05	41	1.097976e-05	
2.147846e+03	1	1.615176e-05	7	3.080000e-07	2.441876e-05	81	1.097976e-05	
3.669880e+03	0	1.394422e-05	103	2.800000e-08	1.097976e-05	101	1.097976e-05	
8.599421e+03	0	1.835079e-05	98	2.800000e-08	1.097976e-05	89	1.097976e-05	
8.867593e+03	1	1.250026e-05	4	3.080000e-07	2.441876e-05	59	1.097976e-05	
1.241261e+04	1	1.524675e-05	148	5.600000e-08	1.383363e-05	145	1.097976e-05	
1.607128e+04	1	2.225915e-05	4	3.360000e-07	2.513737e-05	52	1.097976e-05	
1.900457e+04	1	1.705624e-05	26	5.600000e-08	1.383363e-05	23	1.097976e-05	
3.761408e+04	1	1.084074e-05	43	5.600000e-08	1.383363e-05	41	1.097976e-05	
8.298859e+04	0	1.924737e-05	19	2.800000e-08	1.097976e-05	18	1.097976e-05	
9.878619e+04	2	1.769329e-05	6	4.916139e-07	2.853742e-05	5	2.365517e-05	3687573659	1.709652e-08	3196256300	1.709652e-08	848448836	1.709652e-08	2211003714	1.709652e-08	
1.097366e+05	0	2.725375e-05	2	2.800000e-07	2.365517e-05	32	1.097976e-05	
1.149504e+05	1	1.264933e-05	26	8.400000e-08	1.583555e-05	21	1.097976e-05	
1.223952e+05	1	8.831584e-06	1	3.080000e-07	2.441876e-05	22	1.097976e-05	
1.239720e+05	1	2.153087e-05	9	3.080000e-07	2.441876e-05	120	1.097976e-05	
1.341931e+05	1	1.810179e-05	31	5.600000e-08	1.383363e-05	29	1.097976e-05	
1.413273e+05	0	1.450678e-05	31	5.600000e-08	1.383363e-05	24	1.097976e-05	
1.442720e+05	0	1.946667e-05	62	2.800000e-08	1.097976e-05	51	1.097976e-05	
1.487914e+05	0	1.814573e-05	103	2.800000e-08	1.097976e-05	91	1.097976e-05	
1.524145e+05	2	2.502119e-06	28	4.114925e-08	1.248324e-05	24	1.097976e-05	2916276788	1.485075e-08	
1.727227e+05	0	1.679403e-05	27	2.800000e-08	1.097976e-05	20	1.097976e-05	
1.986202e+05	0	2.439347e-05	12	2.800000e-07	2.365517e-05	95	1.383363e-05	
2.143456e+05	0	1.996517e-05	28	4.114925e-08	1.248324e-05	19	1.097976e-05	
2.211803e+05	2	1.109342e-05	28	5.044849e-08	1.336050e-05	30	1.097976e-05	3696193412	1.870075e-08	
2.481623e+05	1	1.463126e-05	92	5.600000e-08	1.383363e-05	75	1.097976e-05	
2.568783e+05	0	1.553139e-05	32	2.800000e-08	1.097976e-05	2916276788	8.887702e-06	
2.587912e+05	1	1.105458e-05	1	3.360000e-07	2.513737e-05	19	1.097976e-05	
2.886470e+05	1	2.762151e-05	1	4.200000e-07	2.707841e-05	26	1.583555e-05	
3.238707e+05	1	1.926268e-05	4	3.640000e-07	2.581708e-05	48	1.097976e-05	
3.325012e+05	0	1.622383e-05	60	2.800000e-08	1.097976e-05	44	1.097976e-05	
3.545926e+05	0	2.129815e-05	20	2.800000e-08	1.097976e-05	15	1.097976e-05	
3.721699e+05	1	1.367047e-05	9	3.360000e-07	2.513737e-05	125	1.097976e-05	
3.751857e+05	1	3.073838e-05	8	3.080000e-07	2.441876e-05	46	1.097976e-05	
4.024294e+05	0	2.846134e-05	8	3.080000e-07	2.441876e-05	67	1.097976e-05	
4.053926e+05	1	1.740034e-05	13	3.080000e-07	2.441876e-05	135	1.097976e-05	
5.054123e+05	0	2.227182e-05	95	5.600000e-08	1.383363e-05	71	1.097976e-05	
5.446941e+05	1	3.651181e-05	6	7.716139e-07	3.316449e-05	3	2.365517e-05	
5.535931e+05	1	2.376279e-05	1	4.480000e-07	2.766725e-05	25	1.097976e-05	
5.648403e+05	1	2.038393e-05	4	3.920000e-07	2.646277e-05	38	1.097976e-05	
5.727468e+05	1	2.314833e-05	2	3.080000e-07	2.441876e-05	34	1.097976e-05	
5.919242e+05	0	1.564834e-05	77	2.800000e-08	1.097976e-05	44	1.097976e-05	
6.642951e+05	0	1.651003e-05	43	5.600000e-08	1.383363e-05	39	1.097976e-05	
7.238699e+05	0	2.954555e-05	11	2.800000e-07	2.365517e-05	96	1.097976e-05	
7.705392e+05	1	3.039484e-05	9	3.640000e-07	2.581708e-05	83	1.097976e-05	
8.181083e+05	1	1.755532e-05	8	3.360000e-07	2.513737e-05	66	1.097976e-05	
8.651879e+05	2	2.196363e-05	4	4.335425e-07	2.736637e-05	43	1.383363e-05	15308464	1.445752e-08	
8.994966e+05	2	6.943141e-06	106	3.870296e-08	1.223080e-05	73	1.097976e-05	1239307652	1.729704e-08	
1.004944e+06	2	9.678434e-06	67	4.031513e-08	1.239832e-05	62	1.097976e-05	1945448119	1.568487e-08	
1.011237e+06	1	2.740580e-05	4	4.615425e-07	2.794327e-05	68	1.097976e-05	
1.044938e+06	0	1.249866e-05	84	2.800000e-08	1.097976e-05	15308464	8.808554e-06	
1.084046e+06	1	7.410341e-06	12	3.080000e-07	2.441876e-05	97	1.097976e-05	
1.087879e+06	2	8.742134e-06	7	5.252200e-07	2.917340e-05	11	2.365517e-05	3396227953	1.569501e-08	3321237907	1.569501e-08	3187199216	1.569501e-08	3330100144	1.569501e-08	
1.092291e+06	3	9.206649e-06	65	2.275049e-08	1.024559e-05	40	1.097976e-05	310481256	1.662476e-08	817087088	1.662476e-08	
1.094355e+06	1	3.147982e-05	6	7.996139e-07	3.356089e-05	69	1.097976e-05	
1.126400e+06	1	2.351270e-05	8	3.640000e-07	2.581708e-05	70	1.097976e-05	
1.147509e+06	3	1.271111e-05	2	2.991945e-07	2.418380e-05	39	1.097976e-05	551137729	1.840277e-08	1218250404	1.840277e-08	
1.175117e+06	2	2.256197e-05	7	8.035330e-07	3.361563e-05	8	2.581708e-05	1035956119	1.428115e-08	1211996162	1.428115e-08	188552836	1.428115e-08	2029773149	1.428115e-08	302486611	1.428115e-08	1842102965	1.428115e-08	
1.268643e+06	1	2.302633e-05	2	3.175972e-07	2.466980e-05	1218250404	9.546286e-06	
1.369949e+06	0	1.554477e-05	102	2.800000e-08	1.097976e-05	55	1.097976e-05	
1.580914e+06	3	8.224624e-06	112	2.763116e-08	8.847470e-06	1842102965	8.772588e-06	1285693762	1.464999e-08	
1.596551e+06	1	1.144090e-05	14	3.080000e-07	2.441876e-05	123	1.097976e-05	
1.750867e+06	1	6.078132e-06	99	4.264999e-08	1.263319e-05	1285693762	8.847470e-06	
1.767632e+06	0	1.866334e-05	28	5.044849e-08	1.336050e-05	35	1.097976e-05	
1.807350e+06	0	3.470364e-05	4	4.615425e-07	2.794327e-05	92	1.383363e-05	
1.903846e+06	1	1.051860e-05	102	4.228115e-08	1.259667e-05	2029773149	8.772588e-06	
1.984799e+06	0	3.786144e-05	1	4.480000e-07	2.766725e-05	18	1.097976e-05	
2.049298e+06	0	3.379476e-05	7	8.035330e-07	3.361563e-05	119	1.097976e-05	
2.099618e+06	1	2.504891e-05	6	8.276139e-07	3.394814e-05	57	1.097976e-05	
2.164987e+06	0	1.994018e-05	20	2.800000e-08	1.097976e-05	16	1.097976e-05	
2.173714e+06	0	2.473242e-05	2	3.175972e-07	2.466980e-05	551137729	9.546286e-06	
2.246968e+06	0	1.807408e-05	92	5.600000e-08	1.383363e-05	35	1.097976e-05	
2.269553e+06	2	1.976644e-05	1	4.838631e-07	2.838665e-05	31	1.383363e-05	1078741991	2.013690e-08	
2.380715e+06	0	1.906298e-05	85	2.800000e-08	1.097976e-05	2211003714	9.314852e-06	
2.420204e+06	0	2.124245e-05	67	4.031513e-08	1.239832e-05	84	1.097976e-05	
2.570616e+06	1	1.663409e-05	6	8.556139e-07	3.432674e-05	78	1.097976e-05	
2.678520e+06	3	8.858732e-06	90	1.400000e-08	8.714638e-06	87	1.097976e-05	2723643411	1.400000e-08	1804212609	1.400000e-08	438292632	1.400000e-08	
2.678520e+06	1	8.357780e-10	438292632	2.800000e-08	1.097976e-05	2723643411	8.714638e-06	
2.678520e+06	1	6.943033e-10	438292632	4.200000e-08	1.256868e-05	1804212609	8.714638e-06	
2.848700e+06	2	6.794954e-06	4	4.752295e-07	2.821680e-05	45	1.097976e-05	2001290253	1.431294e-08	
2.929147e+06	1	1.868320e-05	6	8.713089e-07	3.453537e-05	3330100144	9.053028e-06	
2.946998e+06	2	2.242588e-05	1	4.868788e-07	2.844550e-05	33	1.097976e-05	3147695692	2.498428e-08	
2.988082e+06	1	1.510243e-05	1	5.118631e-07	2.892397e-05	3147695692	1.057050e-05	
3.098981e+06	0	3.671605e-05	7	8.035330e-07	3.361563e-05	55	1.097976e-05	
3.145816e+06	0	1.557823e-05	122	2.800000e-08	1.097976e-05	112	8.847470e-06	
3.186974e+06	4	1.165650e-06	79	1.400000e-08	8.714638e-06	65	1.024559e-05	3179285865	1.837524e-08	2173231515	1.837524e-08	
3.406398e+06	4	5.638161e-06	154	1.400000e-08	8.714638e-06	152	1.097976e-05	740082705	1.400000e-08	2795063678	1.400000e-08	3642829293	1.400000e-08	
3.418865e+06	3	1.222601e-05	17	1.400000e-08	8.714638e-06	15	1.097976e-05	2707128518	1.400000e-08	474866315	1.400000e-08	1639799867	1.400000e-08	
3.418865e+06	1	2.077212e-08	474866315	2.800000e-08	1.097976e-05	2707128518	8.714638e-06	
3.418865e+06	1	2.489071e-08	474866315	4.200000e-08	1.256868e-05	1639799867	8.714638e-06	
3.431879e+06	0	2.126348e-05	67	4.031513e-08	1.239832e-05	56	1.097976e-05	
3.443651e+06	0	1.597635e-05	134	2.800000e-08	1.097976e-05	104	1.097976e-05	
3.878075e+06	1	2.057454e-05	12	3.360000e-07	2.513737e-05	121	1.097976e-05	
3.916393e+06	0	2.989157e-05	2	3.175972e-07	2.466980e-05	28	1.336050e-05	
3.951759e+06	0	2.845133e-05	2	3.175972e-07	2.466980e-05	42	1.097976e-05	
4.023288e+06	4	4.636132e-06	56	1.400000e-08	8.714638e-06	49	1.097976e-05	1026028388	1.400000e-08	1128056158	1.400000e-08	2909632847	1.400000e-08	
4.023288e+06	1	1.378198e-09	1128056158	2.800000e-08	1.097976e-05	1026028388	8.714638e-06	
4.023288e+06	1	1.249992e-09	1128056158	4.200000e-08	1.256868e-05	2909632847	8.714638e-06	
4.040356e+06	0	1.743180e-05	28	5.044849e-08	1.336050e-05	74	1.097976e-05	
4.040356e+06	0	1.731106e-05	28	5.044849e-08	1.336050e-05	74	1.097976e-05	
4.081058e+06	4	7.150811e-06	474866315	1.400000e-08	8.714638e-06	20	1.097976e-05	937177227	1.866667e-08	3393811039	1.866667e-08	611212867	1.866667e-08	
4.140704e+06	4	9.618271e-06	32	1.400000e-08	8.714638e-06	551137729	9.546286e-06	1104410542	1.620139e-08	2328232000	1.620139e-08	
4.151437e+06	3	1.171859e-05	72	1.461560e-08	8.840541e-06	47	1.097976e-05	2999719241	2.069220e-08	1931993247	2.069220e-08	
4.400335e+06	0	1.030032e-05	1078741991	2.013690e-08	9.837185e-06	1104410542	9.149360e-06	
4.442226e+06	1	2.625113e-05	1	5.258631e-07	2.918531e-05	32	8.714638e-06	
4.520364e+06	2	2.728071e-05	1	5.388676e-07	2.942393e-05	36	1.097976e-05	1494850122	1.499549e-08	
4.537793e+06	3	1.341073e-05	3696193412	1.870075e-08	8.714638e-06	474866315	8.714638e-06	3414514926	1.400000e-08	
4.556797e+06	1	2.133426e-05	6	8.993089e-07	3.490141e-05	74	1.097976e-05	
4.560525e+06	1	1.119902e-05	12	3.640000e-07	2.581708e-05	96	1.097976e-05	
4.567319e+06	1	2.448086e-05	2	3.455972e-07	2.537446e-05	35	1.097976e-05	
4.582193e+06	4	3.720230e-06	611212867	1.866667e-08	8.714638e-06	3414514926	8.714638e-06	2312786130	1.400000e-08	
4.582193e+06	4	3.654718e-06	611212867	1.866667e-08	7.917774e-06	2312786130	8.714638e-06	3537925318	1.400000e-08	
4.819299e+06	1	1.611812e-05	1	5.668676e-07	2.992498e-05	18	1.097976e-05	
4.835071e+06	4	9.471315e-06	16	1.400000e-08	8.714638e-06	2328232000	9.149360e-06	1634407402	1.510069e-08	3869596591	1.510069e-08	
4.835106e+06	1	8.738004e-06	3869596591	3.020139e-08	1.126027e-05	1634407402	8.937286e-06	
4.849636e+06	1	8.875163e-06	1	5.855343e-07	3.024991e-05	611212867	7.917774e-06	
4.850994e+06	3	9.508065e-06	2	3.324605e-07	2.504879e-05	27	1.097976e-05	3375523036	2.056837e-08	772925454	2.056837e-08	
5.161262e+06	1	2.127385e-05	1	6.157357e-07	3.076131e-05	3869596591	1.126027e-05	
5.278232e+06	0	3.603692e-05	1	6.157357e-07	3.076131e-05	772925454	9.906951e-06	
5.422036e+06	1	2.370856e-05	4	5.032295e-07	2.876043e-05	119	1.097976e-05	
5.758444e+06	2	3.655767e-06	2	3.535487e-07	2.556759e-05	28	1.336050e-05	2215785330	1.468015e-08	3491092596	1.468015e-08	
5.909679e+06	0	2.118884e-05	95	5.600000e-08	1.383363e-05	86	1.097976e-05	
5.990347e+06	1	3.446564e-05	6	9.273089e-07	3.525993e-05	61	1.097976e-05	
6.027079e+06	1	2.383448e-05	1	6.305864e-07	3.100665e-05	2916276788	8.887702e-06	
6.089093e+06	0	3.838445e-05	4	5.032295e-07	2.876043e-05	102	1.259667e-05	
6.166576e+06	0	1.990664e-05	60	2.800000e-08	1.097976e-05	1104410542	9.149360e-06	
6.245389e+06	0	1.682650e-05	67	4.031513e-08	1.239832e-05	84	1.097976e-05	
6.303659e+06	1	2.661155e-05	12	3.920000e-07	2.646277e-05	53	1.097976e-05	
6.531439e+06	4	8.773601e-06	88	1.400000e-08	8.714638e-06	37	1.097976e-05	57770090	1.400000e-08	3071577057	1.400000e-08	1452489764	1.400000e-08	
6.710351e+06	0	2.801428e-05	12	3.920000e-07	2.646277e-05	105	1.097976e-05	
6.778829e+06	1	2.736846e-05	6	9.430039e-07	3.545775e-05	3321237907	9.053028e-06	
6.896295e+06	0	3.628678e-05	7	8.035330e-07	3.361563e-05	85	1.097976e-05	
7.114269e+06	1	2.725637e-05	7	8.206296e-07	3.385237e-05	2211003714	9.314852e-06	
7.353389e+06	1	1.421466e-05	1	6.445864e-07	3.123444e-05	3537925318	7.917774e-06	
7.404209e+06	1	1.802865e-05	1	6.607878e-07	3.149397e-05	1104410542	9.149360e-06	
7.485348e+06	1	7.323751e-06	1	6.747878e-07	3.171483e-05	57770090	8.714638e-06	
7.531031e+06	1	2.696127e-05	7	8.486296e-07	3.423309e-05	129	1.097976e-05	
7.545743e+06	4	3.914119e-06	1128056158	1.400000e-08	8.714638e-06	88	8.714638e-06	4260098875	1.400000e-08	3696843781	1.400000e-08	2138100036	1.400000e-08	
7.863940e+06	1	3.072834e-05	1	6.897833e-07	3.194804e-05	1494850122	8.916483e-06	
7.864247e+06	1	1.742475e-05	1	7.037833e-07	3.216274e-05	4260098875	8.714638e-06	
7.926286e+06	0	1.399639e-05	1452489764	1.400000e-08	8.714638e-06	17	8.714638e-06	
7.971397e+06	0	3.168353e-05	14	3.080000e-07	2.441876e-05	82	1.097976e-05	
8.155776e+06	4	3.036811e-06	44	1.400000e-08	8.714638e-06	1452489764	8.714638e-06	1726701215	1.400000e-08	1412415798	1.400000e-08	
8.267485e+06	1	1.312801e-05	92	7.000000e-08	1.490182e-05	740082705	8.714638e-06	
8.697222e+06	1	1.392563e-05	2	3.675487e-07	2.590071e-05	17	8.714638e-06	
