5.805251e+02	1	1.892363e-05	4	3.080000e-07	2.441876e-05	54	1.097976e-05	
1.997705e+03	1	3.120212e-05	5	3.080000e-07	2.441876e-05	62	1.097976e-05	
2.868676e+03	1	5.647095e-06	57	5.600000e-08	1.383363e-05	46	1.097976e-05	
2.969138e+03	1	2.820680e-05	4	3.360000e-07	2.513737e-05	50	1.097976e-05	
3.026714e+03	2	8.673109e-06	4	3.762193e-07	2.610280e-05	57	1.383363e-05	3687573659	1.578065e-08	
4.234643e+03	1	9.909526e-06	5	3.360000e-07	2.513737e-05	52	1.097976e-05	
5.986665e+03	1	2.831941e-05	10	3.080000e-07	2.441876e-05	97	1.097976e-05	
1.037691e+04	1	3.223723e-05	13	3.080000e-07	2.441876e-05	121	1.097976e-05	
1.607711e+04	1	2.182475e-05	13	3.360000e-07	2.513737e-05	119	1.097976e-05	
2.413245e+04	1	6.108048e-06	86	5.600000e-08	1.383363e-05	72	1.097976e-05	
2.954340e+04	1	1.902973e-05	4	4.042193e-07	2.673493e-05	58	1.097976e-05	
3.308291e+04	1	2.212840e-06	9	3.080000e-07	2.441876e-05	64	1.097976e-05	
4.852629e+04	1	2.131493e-05	5	3.640000e-07	2.581708e-05	55	1.097976e-05	
5.897489e+04	1	1.384852e-05	1	3.080000e-07	2.441876e-05	22	1.097976e-05	
6.241059e+04	0	3.140966e-05	4	4.042193e-07	2.673493e-05	71	1.097976e-05	
9.718798e+04	0	2.683148e-05	9	3.080000e-07	2.441876e-05	70	1.097976e-05	
1.019999e+05	1	1.989615e-05	1	3.360000e-07	2.513737e-05	19	1.097976e-05	
1.041704e+05	1	2.123902e-05	6	3.080000e-07	2.441876e-05	76	1.097976e-05	
1.258184e+05	1	1.380402e-05	31	5.600000e-08	1.383363e-05	25	1.097976e-05	
1.598882e+05	1	1.270648e-05	13	3.640000e-07	2.581708e-05	99	1.097976e-05	
1.951383e+05	0	1.950838e-05	23	2.800000e-08	1.097976e-05	18	1.097976e-05	
1.997210e+05	1	1.029461e-05	34	5.600000e-08	1.383363e-05	32	1.097976e-05	
2.526335e+05	2	7.414752e-06	66	4.045066e-08	1.241219e-05	44	1.097976e-05	3196256300	1.554934e-08	
2.553023e+05	0	1.836520e-05	31	5.600000e-08	1.383363e-05	15	1.097976e-05	
2.754583e+05	2	6.644093e-06	108	3.988363e-08	1.235392e-05	103	1.097976e-05	848448836	1.611637e-08	
2.813775e+05	1	3.011948e-05	11	5.600000e-07	2.980364e-05	8	2.365517e-05	
3.713129e+05	0	1.410018e-05	68	2.800000e-08	1.097976e-05	43	1.097976e-05	
3.835494e+05	1	2.384987e-05	9	3.360000e-07	2.513737e-05	39	1.097976e-05	
3.844927e+05	1	2.191743e-05	1	3.640000e-07	2.581708e-05	27	1.097976e-05	
4.347546e+05	1	1.613135e-05	4	4.322193e-07	2.733850e-05	65	1.097976e-05	
4.388190e+05	0	1.275648e-05	116	2.800000e-08	1.097976e-05	83	1.097976e-05	
4.515226e+05	0	1.891158e-05	31	5.600000e-08	1.383363e-05	30	1.097976e-05	
4.678272e+05	0	1.528225e-05	66	4.045066e-08	1.241219e-05	69	1.097976e-05	
5.756244e+05	1	2.415851e-05	9	3.640000e-07	2.581708e-05	91	1.097976e-05	
5.998557e+05	0	1.917842e-05	23	2.800000e-08	1.097976e-05	15	1.097976e-05	
6.192234e+05	0	2.680696e-05	1	3.640000e-07	2.581708e-05	23	1.097976e-05	
6.593876e+05	1	9.989421e-02	0	1.000000e+00	1.000000e-01	153	1.097976e-05	
7.088111e+05	1	2.254416e-05	11	5.880000e-07	3.029231e-05	68	1.097976e-05	
7.165547e+05	0	2.842139e-05	1	3.640000e-07	2.581708e-05	15	1.097976e-05	
7.587819e+05	2	1.185935e-05	9	5.554088e-07	2.972197e-05	7	2.365517e-05	2211003714	1.476520e-08	2916276788	1.476520e-08	3696193412	1.476520e-08	15308464	1.476520e-08	1239307652	1.476520e-08	1945448119	1.476520e-08	
7.591869e+05	0	1.474869e-05	106	2.800000e-08	1.097976e-05	87	1.097976e-05	
7.630229e+05	0	2.446094e-05	2	2.800000e-07	2.365517e-05	37	1.097976e-05	
8.213214e+05	0	1.908038e-05	73	2.800000e-08	1.097976e-05	42	1.097976e-05	
8.248804e+05	1	2.416652e-05	5	3.920000e-07	2.646277e-05	85	1.097976e-05	
8.449290e+05	2	1.495377e-05	2	3.122998e-07	2.453187e-05	31	1.383363e-05	3396227953	2.370017e-08	
8.682560e+05	4	8.129471e-06	18	1.400000e-08	8.714638e-06	17	1.097976e-05	3321237907	1.400000e-08	3187199216	1.400000e-08	3330100144	1.400000e-08	
8.682560e+05	1	5.794186e-09	3330100144	2.800000e-08	1.097976e-05	3187199216	8.714638e-06	
9.753660e+05	1	1.795619e-05	14	3.080000e-07	2.441876e-05	137	1.097976e-05	
1.080754e+06	0	3.112269e-05	4	4.322193e-07	2.733850e-05	53	1.097976e-05	
1.175643e+06	1	2.973118e-05	11	6.440000e-07	3.122496e-05	86	1.383363e-05	
1.187472e+06	0	3.707781e-05	6	3.080000e-07	2.441876e-05	3	2.365517e-05	
1.242460e+06	1	1.040470e-05	9	5.709581e-07	2.999679e-05	3196256300	9.024933e-06	
1.271144e+06	0	2.800165e-05	2	3.122998e-07	2.453187e-05	20	1.097976e-05	
1.574265e+06	3	8.178886e-06	109	1.400000e-08	8.714638e-06	3696193412	8.870602e-06	310481256	1.438260e-08	817087088	1.438260e-08	
1.682378e+06	0	2.923951e-05	5	3.920000e-07	2.646277e-05	98	1.097976e-05	
1.753572e+06	1	6.011017e-06	12	3.080000e-07	2.441876e-05	114	1.097976e-05	
1.801115e+06	2	6.866874e-06	21	3.447965e-08	1.176868e-05	16	1.097976e-05	551137729	2.152035e-08	
1.861782e+06	1	6.990039e-06	5	4.200000e-07	2.707841e-05	49	1.097976e-05	
1.912983e+06	3	9.684402e-06	74	1.400000e-08	8.714638e-06	109	8.714638e-06	1218250404	1.400000e-08	1035956119	1.400000e-08	
1.928106e+06	0	1.785709e-05	21	3.447965e-08	1.176868e-05	551137729	1.005749e-05	
1.982292e+06	1	7.421141e-06	4	4.466019e-07	2.763844e-05	310481256	8.793312e-06	
2.000160e+06	0	2.159596e-05	95	2.800000e-08	1.097976e-05	88	1.097976e-05	
2.074109e+06	4	3.095308e-07	69	1.400000e-08	8.714638e-06	29	1.097976e-05	1211996162	1.400000e-08	188552836	1.400000e-08	2029773149	1.400000e-08	
2.074109e+06	1	4.575819e-09	2029773149	2.800000e-08	1.097976e-05	1211996162	8.714638e-06	
2.074109e+06	1	3.860410e-09	2029773149	4.200000e-08	1.256868e-05	188552836	8.714638e-06	
2.124200e+06	0	2.828761e-05	5	4.200000e-07	2.707841e-05	3687573659	9.069464e-06	
2.351307e+06	0	1.838905e-05	37	2.800000e-08	1.097976e-05	35	1.097976e-05	
2.369989e+06	0	3.785348e-05	11	6.440000e-07	3.122496e-05	6	2.441876e-05	
2.561119e+06	2	2.152462e-05	9	8.577535e-07	3.435533e-05	13	2.581708e-05	302486611	1.544093e-08	1842102965	1.544093e-08	1285693762	1.544093e-08	1078741991	1.544093e-08	2723643411	1.544093e-08	
2.567953e+06	2	9.119907e-06	1	3.744512e-07	2.606184e-05	3330100144	1.097976e-05	1804212609	1.754877e-08	
2.606827e+06	0	3.078691e-05	1	3.744512e-07	2.606184e-05	1804212609	9.396272e-06	
2.653029e+06	2	2.666902e-05	14	5.564281e-07	2.974014e-05	6	2.441876e-05	438292632	1.400000e-08	2001290253	1.519064e-08	3147695692	1.519064e-08	3179285865	1.519064e-08	
2.779576e+06	0	2.845719e-05	2	3.122998e-07	2.453187e-05	1804212609	9.396272e-06	
2.832765e+06	0	1.678367e-05	61	2.800000e-08	1.097976e-05	42	1.097976e-05	
2.908604e+06	0	2.673365e-05	3	2.800000e-07	2.365517e-05	122	1.097976e-05	
3.020611e+06	3	1.238321e-05	93	1.400000e-08	8.714638e-06	75	1.097976e-05	2173231515	1.400000e-08	740082705	1.400000e-08	2795063678	1.400000e-08	
3.148235e+06	1	2.392936e-05	5	4.480000e-07	2.766725e-05	38	1.097976e-05	
3.239896e+06	2	3.692668e-05	11	1.033133e-06	3.655321e-05	5	2.766725e-05	3642829293	1.400000e-08	2707128518	1.495555e-08	474866315	1.495555e-08	1639799867	1.495555e-08	
3.304067e+06	1	9.539634e-06	9	8.857535e-07	3.472516e-05	51	1.097976e-05	
3.323346e+06	1	1.227325e-05	2029773149	7.000000e-08	1.490182e-05	90	1.097976e-05	
3.363840e+06	1	9.508135e-06	11	1.047899e-06	3.672652e-05	2211003714	8.870602e-06	
3.440435e+06	3	1.356299e-05	77	2.490745e-08	1.055966e-05	1842102965	9.003910e-06	1026028388	1.853348e-08	
3.569337e+06	1	2.138807e-05	2	3.298486e-07	2.498302e-05	1804212609	9.396272e-06	
3.608438e+06	1	2.579604e-05	11	1.117899e-06	3.752674e-05	2029773149	1.490182e-05	
3.710848e+06	3	1.184426e-05	41	2.573382e-08	1.067517e-05	2723643411	9.003910e-06	1128056158	1.770711e-08	
3.945999e+06	0	2.662842e-05	3	2.800000e-07	2.365517e-05	78	1.097976e-05	
3.969914e+06	0	1.605474e-05	59	2.800000e-08	1.097976e-05	302486611	9.003910e-06	
4.137119e+06	0	1.236679e-05	96	2.800000e-08	1.097976e-05	1128056158	9.424447e-06	
4.147262e+06	0	3.220530e-05	2	3.298486e-07	2.498302e-05	24	1.097976e-05	
4.148078e+06	4	9.071499e-06	118	1.400000e-08	8.714638e-06	848448836	9.133329e-06	2909632847	1.505819e-08	937177227	1.505819e-08	
4.148078e+06	1	1.075185e-05	937177227	3.011637e-08	1.124970e-05	2909632847	8.928892e-06	
4.173944e+06	3	1.322080e-05	127	2.211992e-08	1.015004e-05	3147695692	8.954996e-06	3393811039	2.107072e-08	
4.426034e+06	4	1.049882e-05	21	1.400000e-08	8.714638e-06	18	8.714638e-06	611212867	1.723982e-08	1104410542	1.723982e-08	
4.426034e+06	1	2.014724e-06	1104410542	3.447965e-08	1.176868e-05	611212867	9.340804e-06	
4.436544e+06	1	1.203562e-05	1104410542	4.847965e-08	1.318438e-05	21	8.714638e-06	
4.537122e+06	1	1.862445e-05	9	9.137535e-07	3.508728e-05	59	1.097976e-05	
5.093567e+06	3	1.682164e-05	79	2.245263e-08	1.020068e-05	28	1.097976e-05	2328232000	1.677369e-08	2999719241	1.677369e-08	
5.186245e+06	3	1.222849e-05	142	2.416159e-08	1.045318e-05	93	8.714638e-06	1931993247	1.783841e-08	
5.187766e+06	1	9.845613e-02	0	1.000000e+00	1.000000e-01	154	1.097976e-05	
5.317585e+06	1	5.800020e-06	4	4.746019e-07	2.820438e-05	56	1.097976e-05	
5.429545e+06	3	1.268990e-05	30	1.400000e-08	8.714638e-06	2328232000	9.255847e-06	1494850122	1.538684e-08	3414514926	1.538684e-08	
5.429545e+06	1	4.733908e-06	3414514926	3.077369e-08	1.133095e-05	1494850122	8.993385e-06	
5.432673e+06	0	1.690872e-05	37	2.800000e-08	1.097976e-05	24	1.097976e-05	
5.689415e+06	0	3.180227e-05	2	3.298486e-07	2.498302e-05	23	1.097976e-05	
5.781311e+06	3	2.551749e-05	1	3.686926e-07	2.592755e-05	551137729	1.005749e-05	2312786130	2.727903e-08	
6.057129e+06	4	8.083819e-06	100	1.400000e-08	8.714638e-06	78	1.097976e-05	3537925318	1.400000e-08	1634407402	1.400000e-08	3869596591	1.400000e-08	
6.175309e+06	1	3.692501e-05	11	1.148672e-06	3.786797e-05	3414514926	1.133095e-05	
6.190457e+06	1	1.948847e-05	9	9.289441e-07	3.528065e-05	3179285865	8.954996e-06	
6.619442e+06	1	2.245716e-05	1	3.966926e-07	2.656795e-05	23	1.097976e-05	
6.830964e+06	1	1.968565e-05	11	1.176672e-06	3.817319e-05	95	1.097976e-05	
6.951002e+06	3	1.395308e-05	2312786130	2.727903e-08	8.714638e-06	1218250404	8.714638e-06	3375523036	1.400000e-08	
6.985463e+06	1	1.356666e-05	9	9.569441e-07	3.563162e-05	101	1.097976e-05	
7.070780e+06	1	3.257266e-05	9	9.849441e-07	3.597581e-05	35	1.097976e-05	
7.158229e+06	1	3.111240e-05	9	9.998997e-07	3.615698e-05	1639799867	8.908560e-06	
7.333318e+06	2	2.395419e-05	1	6.123050e-07	3.070407e-05	2	2.498302e-05	772925454	1.427952e-08	2215785330	1.427952e-08	3491092596	1.427952e-08	57770090	1.427952e-08	3071577057	1.427952e-08	1452489764	1.427952e-08	4260098875	1.427952e-08	3696843781	1.427952e-08	
7.341169e+06	1	1.230919e-05	1	6.265845e-07	3.094092e-05	3696843781	8.772255e-06	
7.390476e+06	4	7.625461e-06	24	1.400000e-08	8.714638e-06	57770090	8.772255e-06	2138100036	1.413976e-08	1726701215	1.413976e-08	
7.485868e+06	1	2.756901e-05	4	4.893671e-07	2.849388e-05	15308464	8.870602e-06	
7.511517e+06	0	3.791705e-05	4	4.893671e-07	2.849388e-05	81	1.097976e-05	
7.580275e+06	1	2.285380e-05	1	6.405845e-07	3.116967e-05	24	8.714638e-06	
7.656143e+06	1	2.754171e-05	1	6.685845e-07	3.161735e-05	37	1.097976e-05	
7.888708e+06	0	1.894817e-05	120	2.800000e-08	1.097976e-05	60	1.097976e-05	
7.899099e+06	1	9.927320e-02	0	1.000000e+00	1.000000e-01	140	1.097976e-05	
8.005592e+06	1	2.042363e-05	14	5.844281e-07	3.023085e-05	123	1.097976e-05	
8.032099e+06	1	2.227554e-05	4	5.033671e-07	2.876305e-05	3537925318	8.714638e-06	
8.048494e+06	3	1.206748e-05	33	1.400000e-08	8.714638e-06	1128056158	9.424447e-06	1412415798	1.585355e-08	375852842	1.585355e-08	
8.050973e+06	1	1.683350e-05	4	5.177497e-07	2.903443e-05	817087088	8.793312e-06	
8.125997e+06	4	2.738748e-06	3393811039	2.292427e-08	8.714638e-06	1412415798	9.083409e-06	3593732192	1.400000e-08	
8.125997e+06	4	2.709433e-06	3393811039	2.477783e-08	7.393672e-06	375852842	9.083409e-06	3888264012	1.400000e-08	
8.162486e+06	3	1.479742e-05	2138100036	1.413976e-08	8.714638e-06	3321237907	8.714638e-06	313359544	1.400000e-08	
8.204548e+06	2	1.563293e-05	3	2.801554e-07	2.365954e-05	92	1.097976e-05	217284033	2.784463e-08	
8.510779e+06	1	2.733200e-05	9	1.027900e-06	3.649138e-05	70	1.097976e-05	
8.669860e+06	0	1.243310e-05	3491092596	1.427952e-08	8.772255e-06	772925454	8.772255e-06	
8.706626e+06	1	1.155996e-05	1	6.825845e-07	3.183651e-05	313359544	8.714638e-06	
9.025496e+06	0	3.693128e-05	1	6.825845e-07	3.183651e-05	3491092596	8.772255e-06	
9.031989e+06	0	3.426364e-05	1	6.825845e-07	3.183651e-05	772925454	8.772255e-06	
9.590943e+06	4	6.849100e-06	3593732192	1.400000e-08	8.714638e-06	69	8.714638e-06	2151269300	1.400000e-08	
9.590943e+06	4	6.849100e-06	71	1.400000e-08	8.714638e-06	3888264012	7.393672e-06	3913511150	1.400000e-08	2962530363	1.400000e-08	
9.591460e+06	1	9.170807e-02	0	1.000000e+00	1.000000e-01	3393811039	7.393672e-06	
9.591510e+06	1	9.423859e-02	0	1.000000e+00	1.000000e-01	122	1.097976e-05	
9.591669e+06	1	9.979355e-02	0	1.000000e+00	1.000000e-01	141	1.097976e-05	
9.591754e+06	1	9.764133e-02	0	1.000000e+00	1.000000e-01	83	1.097976e-05	
9.591762e+06	1	8.923877e-02	0	1.000000e+00	1.000000e-01	136	1.097976e-05	
9.591832e+06	1	8.474357e-02	0	1.000000e+00	1.000000e-01	88	1.097976e-05	
9.591865e+06	1	8.883649e-02	0	1.000001e+00	1.000000e-01	10	2.441876e-05	
9.591912e+06	1	9.620251e-02	0	1.000001e+00	1.000000e-01	120	1.097976e-05	
9.591950e+06	1	8.332003e-02	0	1.000001e+00	1.000000e-01	96	1.097976e-05	
9.591978e+06	1	7.838149e-02	0	1.000001e+00	1.000000e-01	2173231515	8.714638e-06	
9.592015e+06	1	9.298906e-02	0	1.000001e+00	1.000000e-01	150	1.097976e-05	
9.592026e+06	1	9.500345e-02	0	1.000001e+00	1.000000e-01	438292632	8.714638e-06	
9.592053e+06	1	9.992529e-02	0	1.000001e+00	1.000000e-01	3	2.365954e-05	
9.592078e+06	1	9.964397e-02	0	1.000001e+00	1.000000e-01	100	8.714638e-06	
9.592233e+06	1	9.926248e-02	0	1.000001e+00	1.000000e-01	105	1.097976e-05	
9.592301e+06	1	9.683181e-02	0	1.000001e+00	1.000000e-01	132	1.097976e-05	
9.592304e+06	1	9.639591e-02	0	1.000001e+00	1.000000e-01	125	1.097976e-05	
9.592365e+06	1	9.873493e-02	0	1.000001e+00	1.000000e-01	2151269300	8.714638e-06	
9.592438e+06	1	8.479031e-02	0	1.000001e+00	1.000000e-01	126	1.097976e-05	
9.592685e+06	1	9.530232e-02	0	1.000001e+00	1.000000e-01	1026028388	9.568833e-06	
9.592903e+06	1	9.816109e-02	0	1.000001e+00	1.000000e-01	2795063678	8.714638e-06	
9.593040e+06	1	5.087787e-02	0	1.000001e+00	1.000000e-01	127	1.015004e-05	
9.593075e+06	1	9.705001e-02	0	1.000001e+00	1.000000e-01	1285693762	9.003910e-06	
9.593077e+06	1	9.282741e-02	0	1.000001e+00	1.000000e-01	151	1.097976e-05	
9.593085e+06	1	9.679131e-02	0	1.000001e+00	1.000000e-01	111	1.097976e-05	
9.593148e+06	1	9.436325e-02	0	1.000001e+00	1.000000e-01	67	1.097976e-05	
9.593459e+06	1	9.826819e-02	0	1.000001e+00	1.000000e-01	3375523036	8.714638e-06	
9.593520e+06	1	9.931539e-02	0	1.000001e+00	1.000000e-01	2001290253	8.954996e-06	
9.593650e+06	1	9.663320e-02	0	1.000001e+00	1.000000e-01	2312786130	8.714638e-06	
9.593675e+06	1	9.960519e-02	0	1.000001e+00	1.000000e-01	113	1.097976e-05	
9.594221e+06	1	8.757480e-02	0	1.000001e+00	1.000000e-01	1945448119	8.870602e-06	
9.594239e+06	1	9.770375e-02	0	1.000001e+00	1.000000e-01	98	1.097976e-05	
9.594316e+06	1	9.458073e-02	0	1.000001e+00	1.000000e-01	139	1.097976e-05	
9.594346e+06	1	8.998539e-02	0	1.000001e+00	1.000000e-01	63	1.097976e-05	
9.594631e+06	1	8.463215e-02	0	1.000001e+00	1.000000e-01	740082705	8.714638e-06	
9.594736e+06	1	9.696882e-02	0	1.000001e+00	1.000000e-01	3642829293	8.714638e-06	
9.594878e+06	1	9.975728e-02	0	1.000001e+00	1.000000e-01	41	1.067517e-05	
9.595656e+06	1	9.178756e-02	0	1.000002e+00	1.000001e-01	144	1.097976e-05	
9.595922e+06	1	9.839497e-02	0	1.000002e+00	1.000001e-01	146	1.097976e-05	
9.595922e+06	1	8.367905e-02	0	1.000002e+00	1.000001e-01	131	1.097976e-05	
9.596271e+06	1	9.793129e-02	0	1.000002e+00	1.000001e-01	147	1.097976e-05	
9.596346e+06	1	9.958966e-02	0	1.000003e+00	1.000001e-01	11	3.817319e-05	
9.596795e+06	1	9.462314e-02	0	1.000003e+00	1.000001e-01	142	1.045318e-05	
9.597053e+06	1	9.612705e-02	0	1.000003e+00	1.000001e-01	42	1.097976e-05	
9.597440e+06	1	8.083785e-02	0	1.000003e+00	1.000001e-01	60	1.097976e-05	
9.598586e+06	1	9.045073e-02	0	1.000003e+00	1.000001e-01	48	1.097976e-05	
9.599559e+06	1	9.877334e-02	0	1.000003e+00	1.000001e-01	149	1.097976e-05	
9.599782e+06	1	9.986098e-02	0	1.000003e+00	1.000001e-01	26	1.097976e-05	
9.601125e+06	1	9.582642e-02	0	1.000003e+00	1.000001e-01	84	1.097976e-05	
9.601722e+06	1	9.095500e-02	0	1.000003e+00	1.000001e-01	148	1.097976e-05	
9.603040e+06	1	8.338762e-02	0	1.000003e+00	1.000001e-01	115	1.097976e-05	
9.603708e+06	1	9.989705e-02	0	1.000003e+00	1.000001e-01	130	1.097976e-05	
9.604648e+06	1	9.981413e-02	0	1.000003e+00	1.000001e-01	82	1.097976e-05	
9.605035e+06	1	9.890672e-02	0	1.000003e+00	1.000001e-01	74	8.714638e-06	
9.605567e+06	1	9.859889e-02	0	1.000003e+00	1.000001e-01	128	1.097976e-05	
9.616560e+06	1	9.987190e-02	0	1.000003e+00	1.000001e-01	1931993247	9.447685e-06	
9.624072e+06	1	9.539222e-02	0	1.000003e+00	1.000001e-01	152	1.097976e-05	
9.626051e+06	1	9.775394e-02	0	1.000003e+00	1.000001e-01	61	1.097976e-05	
9.627152e+06	1	8.517503e-02	0	1.000003e+00	1.000001e-01	3869596591	8.714638e-06	
9.628590e+06	1	9.936441e-02	0	1.000003e+00	1.000001e-01	1104410542	1.318438e-05	
9.629322e+06	1	9.904421e-02	0	1.000003e+00	1.000001e-01	112	1.097976e-05	
9.635298e+06	1	9.934957e-02	0	1.000003e+00	1.000001e-01	45	1.097976e-05	
9.635479e+06	1	9.766743e-02	0	1.000003e+00	1.000001e-01	47	1.097976e-05	
9.638100e+06	1	9.505771e-02	0	1.000003e+00	1.000001e-01	107	1.097976e-05	
9.639653e+06	1	9.999073e-02	0	1.000003e+00	1.000001e-01	1035956119	8.714638e-06	
9.684019e+06	1	9.444353e-02	0	1.000003e+00	1.000001e-01	937177227	1.124970e-05	
9.685192e+06	1	9.998357e-02	0	1.000003e+00	1.000001e-01	1452489764	8.772255e-06	
9.686121e+06	1	9.943155e-02	0	1.000003e+00	1.000001e-01	15	1.097976e-05	
9.693527e+06	1	9.861125e-02	0	1.000003e+00	1.000001e-01	77	1.055966e-05	
9.702481e+06	1	9.949360e-02	0	1.000004e+00	1.000001e-01	34	1.383363e-05	
9.702829e+06	1	9.997515e-02	0	1.000004e+00	1.000001e-01	40	1.097976e-05	
9.715702e+06	1	9.995424e-02	0	1.000004e+00	1.000001e-01	3913511150	8.714638e-06	
9.718075e+06	1	9.939709e-02	0	1.000004e+00	1.000001e-01	108	1.235392e-05	
9.718305e+06	1	9.916395e-02	0	1.000004e+00	1.000001e-01	20	1.097976e-05	
9.721624e+06	1	9.954086e-02	0	1.000004e+00	1.000001e-01	33	8.714638e-06	
9.723570e+06	1	9.143817e-02	0	1.000004e+00	1.000001e-01	79	1.020068e-05	
9.724574e+06	1	9.911913e-02	0	1.000004e+00	1.000001e-01	134	1.097976e-05	
9.731353e+06	1	9.944664e-02	0	1.000005e+00	1.000002e-01	9	3.649138e-05	
9.736230e+06	1	9.983861e-02	0	1.000005e+00	1.000002e-01	3593732192	8.714638e-06	
9.752139e+06	1	1.000017e-01	0	1.000005e+00	1.000002e-01	3071577057	8.772255e-06	
9.769079e+06	1	9.997095e-02	0	1.000005e+00	1.000002e-01	217284033	1.095941e-05	
9.850685e+06	1	9.983007e-02	0	1.000005e+00	1.000002e-01	110	1.097976e-05	
9.877690e+06	1	9.989263e-02	0	1.000005e+00	1.000002e-01	2707128518	8.908560e-06	
9.897527e+06	1	9.928639e-02	0	1.000005e+00	1.000002e-01	2962530363	8.714638e-06	
9.947207e+06	1	9.984079e-02	0	1.000005e+00	1.000002e-01	36	1.097976e-05	
9.962862e+06	1	9.974056e-02	0	1.000005e+00	1.000002e-01	81	1.097976e-05	
9.998496e+06	1	9.985880e-02	0	1.000005e+00	1.000002e-01	30	8.714638e-06	
1.001554e+07	1	1.000018e-01	0	1.000005e+00	1.000002e-01	3491092596	8.772255e-06	
1.008733e+07	1	9.985686e-02	0	1.000005e+00	1.000002e-01	73	1.097976e-05	
1.014959e+07	1	3.137735e-05	1	6.965845e-07	3.205270e-05	1634407402	8.714638e-06	
1.020138e+07	3	1.250152e-05	133	1.400000e-08	8.714638e-06	4260098875	8.772255e-06	2063946235	1.413976e-08	1172086036	1.413976e-08	
1.022439e+07	1	2.961867e-05	1	7.107243e-07	3.226812e-05	1172086036	8.743541e-06	
1.037851e+07	1	9.891449e-02	0	1.000005e+00	1.000002e-01	1078741991	9.003910e-06	
1.085749e+07	1	9.993110e-02	0	1.000005e+00	1.000002e-01	133	8.714638e-06	
1.094655e+07	1	9.999988e-02	0	1.000005e+00	1.000002e-01	772925454	8.772255e-06	
1.108663e+07	1	9.964853e-02	0	1.000005e+00	1.000002e-01	80	1.097976e-05	
1.113802e+07	1	9.979807e-02	0	1.000005e+00	1.000002e-01	43	1.097976e-05	
1.115808e+07	1	9.997313e-02	0	1.000005e+00	1.000002e-01	2215785330	8.772255e-06	
1.128892e+07	1	9.939566e-02	0	1.000005e+00	1.000002e-01	302486611	9.003910e-06	
1.134185e+07	1	9.987322e-02	0	1.000005e+00	1.000002e-01	2063946235	8.743541e-06	
1.144678e+07	1	9.998810e-02	0	1.000005e+00	1.000002e-01	2999719241	9.255847e-06	
1.175550e+07	1	9.974334e-02	0	1.000005e+00	1.000002e-01	71	8.714638e-06	
1.186355e+07	1	9.985988e-02	0	1.000005e+00	1.000002e-01	2138100036	8.714638e-06	
1.188562e+07	1	9.941152e-02	0	1.000005e+00	1.000002e-01	1239307652	8.870602e-06	
1.238393e+07	1	9.973494e-02	0	1.000006e+00	1.000002e-01	4	2.903443e-05	
1.280716e+07	1	9.996711e-02	0	1.000006e+00	1.000002e-01	1726701215	8.743541e-06	
2.458573e+07	1	9.939959e-02	0	1.000006e+00	1.000002e-01	1	3.226812e-05	
4.373094e+07	1	8.951229e-02	0	1.000006e+00	1.000002e-01	2916276788	8.870602e-06	
