7.984392e+02	1	1.610305e-05	1	3.080000e-07	2.441876e-05	22	1.097976e-05	
1.494094e+03	1	2.771998e-05	4	3.080000e-07	2.441876e-05	61	1.097976e-05	
4.865032e+03	1	1.188936e-05	1	3.360000e-07	2.513737e-05	24	1.097976e-05	
5.019862e+03	1	2.468589e-05	5	3.080000e-07	2.441876e-05	68	1.097976e-05	
6.393491e+03	1	1.984075e-05	7	3.080000e-07	2.441876e-05	79	1.097976e-05	
1.373518e+04	1	1.899919e-05	5	3.360000e-07	2.513737e-05	64	1.097976e-05	
2.423137e+04	1	1.227952e-05	4	3.360000e-07	2.513737e-05	66	1.097976e-05	
3.293148e+04	0	1.230803e-05	19	2.800000e-08	1.097976e-05	18	1.097976e-05	
3.411974e+04	0	2.891232e-05	5	3.360000e-07	2.513737e-05	81	1.097976e-05	
4.190365e+04	1	7.208711e-06	67	5.600000e-08	1.383363e-05	57	1.097976e-05	
4.440364e+04	1	2.375259e-05	1	3.640000e-07	2.581708e-05	20	1.097976e-05	
4.688635e+04	0	2.738240e-05	5	3.360000e-07	2.513737e-05	86	1.097976e-05	
7.029467e+04	1	9.730265e-06	153	5.600000e-08	1.383363e-05	151	1.097976e-05	
8.048805e+04	1	1.773977e-05	1	3.920000e-07	2.646277e-05	25	1.097976e-05	
9.470164e+04	1	5.490828e-06	2	3.080000e-07	2.441876e-05	35	1.097976e-05	
9.790220e+04	1	1.771303e-05	3	3.080000e-07	2.441876e-05	52	1.097976e-05	
1.160037e+05	1	7.016754e-06	138	5.600000e-08	1.383363e-05	129	1.097976e-05	
1.768557e+05	0	1.665180e-05	21	2.800000e-08	1.097976e-05	18	1.097976e-05	
1.820597e+05	1	3.265780e-05	1	4.200000e-07	2.707841e-05	30	1.097976e-05	
1.824156e+05	1	7.515632e-06	92	5.600000e-08	1.383363e-05	86	1.097976e-05	
1.947258e+05	0	3.147862e-05	7	3.080000e-07	2.441876e-05	43	1.097976e-05	
2.115089e+05	1	1.885293e-05	12	3.080000e-07	2.441876e-05	115	1.097976e-05	
2.203185e+05	0	3.015459e-05	3	3.080000e-07	2.441876e-05	44	1.097976e-05	
2.407801e+05	0	2.830424e-05	7	3.080000e-07	2.441876e-05	47	1.097976e-05	
2.435613e+05	2	2.130312e-05	12	5.257781e-07	2.918373e-05	8	2.365517e-05	3687573659	1.555547e-08	3196256300	1.555547e-08	848448836	1.555547e-08	2211003714	1.555547e-08	
3.204670e+05	0	1.483745e-05	23	2.800000e-08	1.097976e-05	19	1.097976e-05	
4.036047e+05	1	1.177019e-05	3	3.360000e-07	2.513737e-05	69	1.097976e-05	
4.123225e+05	1	2.563424e-05	1	4.480000e-07	2.766725e-05	26	1.097976e-05	
4.161792e+05	1	2.058339e-05	2	3.360000e-07	2.513737e-05	32	1.097976e-05	
4.312670e+05	0	1.870949e-05	135	2.800000e-08	1.097976e-05	128	1.097976e-05	
5.489222e+05	1	1.901791e-05	12	5.537781e-07	2.969285e-05	73	1.097976e-05	
5.783741e+05	3	1.445057e-05	78	1.539303e-08	8.994590e-06	74	1.097976e-05	2916276788	2.030348e-08	3696193412	2.030348e-08	
5.783741e+05	1	2.067474e-07	3696193412	4.060697e-08	1.242816e-05	2916276788	9.864238e-06	
6.382465e+05	1	2.136224e-05	1	4.760000e-07	2.823204e-05	27	1.097976e-05	
6.476893e+05	0	3.180856e-05	12	5.537781e-07	2.969285e-05	103	1.097976e-05	
6.578784e+05	1	1.616552e-05	4	3.766070e-07	2.611176e-05	3696193412	1.242816e-05	
6.599841e+05	3	1.529439e-05	45	1.655517e-08	9.215478e-06	31	1.097976e-05	15308464	1.972242e-08	1239307652	1.972242e-08	
6.599842e+05	1	1.444902e-05	1239307652	3.944483e-08	1.230845e-05	15308464	9.769224e-06	
6.681252e+05	1	1.086423e-05	56	5.600000e-08	1.383363e-05	47	1.097976e-05	
8.416347e+05	1	2.101132e-05	3	3.640000e-07	2.581708e-05	46	1.097976e-05	
1.017156e+06	0	3.319891e-05	7	3.080000e-07	2.441876e-05	56	1.383363e-05	
1.021945e+06	1	2.170874e-05	10	3.080000e-07	2.441876e-05	95	1.097976e-05	
1.050908e+06	0	2.003860e-05	84	2.800000e-08	1.097976e-05	72	1.097976e-05	
1.161983e+06	1	2.334672e-05	5	3.640000e-07	2.581708e-05	76	1.097976e-05	
1.178624e+06	1	1.635355e-05	9	3.080000e-07	2.441876e-05	96	1.097976e-05	
1.200944e+06	0	2.032989e-05	59	2.800000e-08	1.097976e-05	51	1.097976e-05	
1.241629e+06	0	1.635263e-05	87	2.800000e-08	1.097976e-05	50	1.097976e-05	
1.333435e+06	0	2.518531e-05	9	3.080000e-07	2.441876e-05	39	1.097976e-05	
1.413147e+06	0	1.562024e-05	33	2.800000e-08	1.097976e-05	29	1.097976e-05	
1.419704e+06	2	7.814529e-06	11	2.900261e-07	2.393421e-05	106	1.097976e-05	1945448119	1.797387e-08	
1.423586e+06	0	3.086511e-05	11	2.900261e-07	2.393421e-05	40	1.097976e-05	
1.471299e+06	0	1.827809e-05	36	2.800000e-08	1.097976e-05	28	1.097976e-05	
1.504635e+06	2	1.243137e-05	2	3.470594e-07	2.541019e-05	84	1.097976e-05	3396227953	1.694060e-08	
1.543604e+06	0	1.110612e-05	17	2.800000e-08	1.097976e-05	15	1.097976e-05	
1.559133e+06	1	1.092734e-05	9	3.360000e-07	2.513737e-05	40	1.097976e-05	
1.901956e+06	1	2.183396e-05	4	4.046070e-07	2.674347e-05	42	1.097976e-05	
1.973703e+06	1	1.947888e-05	11	3.055816e-07	2.435468e-05	3687573659	9.026120e-06	
1.987895e+06	0	3.256707e-05	3	3.640000e-07	2.581708e-05	90	1.097976e-05	
1.997981e+06	1	8.178063e-06	130	5.600000e-08	1.383363e-05	112	1.097976e-05	
2.037732e+06	1	8.442253e-07	2	3.750594e-07	2.607594e-05	23	1.097976e-05	
2.128999e+06	0	2.864783e-05	1	4.760000e-07	2.823204e-05	33	1.097976e-05	
2.233295e+06	3	7.654315e-06	56	2.033494e-08	9.869330e-06	53	1.097976e-05	3321237907	1.591626e-08	3187199216	1.591626e-08	3330100144	1.591626e-08	310481256	1.591626e-08	
2.233295e+06	1	5.466826e-10	310481256	3.183253e-08	1.145945e-05	3330100144	9.095370e-06	
2.233295e+06	1	5.466931e-10	3187199216	3.183253e-08	1.145945e-05	3321237907	9.095370e-06	
2.233295e+06	1	5.494447e-10	310481256	6.366506e-08	1.443800e-05	3187199216	1.145945e-05	
2.302703e+06	1	2.175537e-05	2	4.030594e-07	2.670933e-05	37	1.097976e-05	
2.397294e+06	0	1.979445e-05	67	5.600000e-08	1.383363e-05	85	1.097976e-05	
2.534290e+06	1	2.339494e-05	2	4.310594e-07	2.731403e-05	28	1.097976e-05	
2.718464e+06	1	1.587829e-05	7	3.360000e-07	2.513737e-05	58	1.097976e-05	
2.959794e+06	3	1.128475e-05	1	4.716409e-07	2.814560e-05	19	1.097976e-05	817087088	1.617957e-08	551137729	1.617957e-08	
3.027147e+06	4	4.278262e-06	103	1.400000e-08	8.714638e-06	102	1.097976e-05	1218250404	1.400000e-08	1035956119	1.400000e-08	1211996162	1.400000e-08	
3.027147e+06	1	1.129765e-09	1035956119	2.800000e-08	1.097976e-05	1218250404	8.714638e-06	
3.027147e+06	1	1.244462e-09	1035956119	4.200000e-08	1.256868e-05	1211996162	8.714638e-06	
3.090387e+06	1	1.267318e-05	7	3.640000e-07	2.581708e-05	75	1.097976e-05	
3.154696e+06	0	3.608991e-05	1	4.716409e-07	2.814560e-05	16	1.097976e-05	
3.164838e+06	0	3.346700e-05	1	4.716409e-07	2.814560e-05	551137729	9.145251e-06	
3.266471e+06	1	4.467730e-06	12	5.817781e-07	3.018509e-05	98	1.097976e-05	
3.310939e+06	0	1.916403e-05	59	2.800000e-08	1.097976e-05	34	1.097976e-05	
3.316024e+06	1	2.601125e-05	1	4.996409e-07	2.869190e-05	17	1.097976e-05	
3.342710e+06	1	9.141853e-06	1	5.276409e-07	2.921816e-05	21	1.097976e-05	
3.458280e+06	1	2.895561e-05	12	6.097781e-07	3.066177e-05	43	1.097976e-05	
3.593447e+06	2	2.183558e-05	6	2.928178e-07	2.401076e-05	60	1.097976e-05	188552836	1.518219e-08	
3.791518e+06	1	1.600001e-05	12	6.377781e-07	3.112408e-05	109	1.097976e-05	
3.978094e+06	0	1.714440e-05	18	2.800000e-08	1.097976e-05	551137729	9.145251e-06	
4.097275e+06	0	3.209955e-05	1	5.276409e-07	2.921816e-05	33	1.097976e-05	
4.121475e+06	0	4.138089e-05	12	6.377781e-07	3.112408e-05	55	1.097976e-05	
4.186632e+06	1	4.491147e-05	4	7.686070e-07	3.312136e-05	5	2.581708e-05	
4.246517e+06	3	1.591674e-05	13	2.788345e-07	2.362230e-05	80	1.097976e-05	2029773149	1.458273e-08	302486611	1.458273e-08	
4.313330e+06	3	1.125456e-05	36	1.400000e-08	8.714638e-06	3396227953	9.286448e-06	1842102965	1.547030e-08	1285693762	1.547030e-08	
4.313331e+06	1	1.534770e-05	1842102965	2.947030e-08	1.116867e-05	36	8.714638e-06	
4.387787e+06	0	1.795679e-05	1842102965	2.947030e-08	1.116867e-05	44	1.097976e-05	
4.591126e+06	4	7.384279e-06	551137729	1.764987e-08	8.714638e-06	1285693762	9.009616e-06	1078741991	1.400000e-08	
4.861692e+06	0	3.768637e-05	12	6.377781e-07	3.112408e-05	6	2.401076e-05	
5.139182e+06	1	3.900489e-06	15	4.200000e-08	1.256868e-05	1078741991	8.714638e-06	
5.312892e+06	1	2.046529e-05	13	3.068345e-07	2.438792e-05	105	1.097976e-05	
5.344605e+06	3	6.609741e-06	33	1.400000e-08	8.714638e-06	817087088	9.145251e-06	2723643411	1.508978e-08	1804212609	1.508978e-08	
5.344711e+06	1	9.248688e-06	1804212609	3.017957e-08	1.125756e-05	2723643411	8.935133e-06	
5.731420e+06	0	3.874792e-05	7	3.640000e-07	2.581708e-05	3	2.581708e-05	
5.753031e+06	4	3.768288e-06	1842102965	1.400000e-08	8.714638e-06	44	1.097976e-05	438292632	1.449010e-08	2001290253	1.449010e-08	3147695692	1.449010e-08	
5.792702e+06	1	1.550897e-05	9	3.504901e-07	2.549364e-05	438292632	8.815165e-06	
5.927495e+06	1	2.800767e-05	1	5.416409e-07	2.947432e-05	33	8.714638e-06	
5.992079e+06	2	2.334619e-05	1	5.491385e-07	2.960970e-05	1804212609	1.125756e-05	3179285865	2.268191e-08	
6.188580e+06	0	1.822187e-05	93	2.800000e-08	1.097976e-05	55	1.097976e-05	
6.385178e+06	0	3.658329e-05	1	5.491385e-07	2.960970e-05	3179285865	1.023528e-05	
6.391652e+06	1	2.388601e-05	1	5.718204e-07	3.001188e-05	3179285865	1.023528e-05	
6.546931e+06	3	1.374262e-05	104	1.400000e-08	8.714638e-06	54	1.097976e-05	2173231515	1.400000e-08	740082705	1.400000e-08	2795063678	1.400000e-08	
6.546931e+06	1	3.942124e-09	2795063678	2.800000e-08	1.097976e-05	740082705	8.714638e-06	
6.546931e+06	1	3.414868e-09	2795063678	4.200000e-08	1.256868e-05	2173231515	8.714638e-06	
6.633539e+06	2	2.295013e-05	9	3.610069e-07	2.574612e-05	63	1.097976e-05	3642829293	1.748319e-08	
6.683430e+06	0	2.637244e-05	9	3.610069e-07	2.574612e-05	3642829293	9.384552e-06	
6.813931e+06	1	9.965434e-02	0	1.000000e+00	1.000000e-01	154	1.097976e-05	
6.852977e+06	0	3.395804e-05	12	6.377781e-07	3.112408e-05	51	1.097976e-05	
7.481409e+06	0	3.456678e-05	1	5.718204e-07	3.001188e-05	1842102965	8.714638e-06	
7.665200e+06	3	1.142021e-05	83	1.400000e-08	8.714638e-06	848448836	9.026120e-06	2707128518	1.477774e-08	474866315	1.477774e-08	
7.667886e+06	2	1.812464e-05	2	4.528040e-07	2.776579e-05	1239307652	1.230845e-05	1639799867	1.770028e-08	
7.697632e+06	2	2.416709e-05	9	3.699753e-07	2.595758e-05	67	1.383363e-05	1026028388	1.567721e-08	1128056158	1.567721e-08	2909632847	1.567721e-08	
7.697653e+06	0	3.231267e-05	9	3.699753e-07	2.595758e-05	2909632847	9.049604e-06	
7.885740e+06	4	7.224306e-07	114	1.400000e-08	8.714638e-06	87	1.097976e-05	937177227	1.400000e-08	3393811039	1.400000e-08	611212867	1.400000e-08	
7.885740e+06	1	2.946460e-09	611212867	2.800000e-08	1.097976e-05	3393811039	8.714638e-06	
7.885740e+06	1	2.408852e-09	611212867	4.200000e-08	1.256868e-05	937177227	8.714638e-06	
8.710283e+06	1	9.966135e-02	0	1.000000e+00	1.000000e-01	143	1.097976e-05	
8.908863e+06	0	3.726787e-05	2	4.528040e-07	2.776579e-05	34	1.097976e-05	
9.060890e+06	2	2.234370e-05	3	5.417880e-07	2.947699e-05	11	2.435468e-05	1104410542	1.419929e-08	2328232000	1.419929e-08	2999719241	1.419929e-08	1931993247	1.419929e-08	1494850122	1.419929e-08	3414514926	1.419929e-08	2312786130	1.419929e-08	3537925318	1.419929e-08	1634407402	1.419929e-08	
9.061144e+06	1	1.907054e-05	3	5.697880e-07	2.997628e-05	97	1.097976e-05	
9.068548e+06	0	3.442374e-05	3	5.697880e-07	2.997628e-05	1931993247	8.755794e-06	
9.083829e+06	1	3.726466e-05	3	5.839873e-07	3.022325e-05	1931993247	8.755794e-06	
9.117654e+06	3	1.196588e-05	38	1.400000e-08	8.714638e-06	3147695692	8.815165e-06	3869596591	1.424505e-08	3375523036	1.424505e-08	
9.210540e+06	0	1.578547e-05	150	2.800000e-08	1.097976e-05	77	1.097976e-05	
9.317735e+06	1	2.682053e-05	1	5.894703e-07	3.031754e-05	551137729	8.714638e-06	
9.341997e+06	1	2.740946e-05	1	6.060255e-07	3.059875e-05	45	9.215478e-06	
9.370113e+06	3	1.530528e-05	93	1.400000e-08	8.714638e-06	90	1.097976e-05	772925454	1.400000e-08	2215785330	1.400000e-08	3491092596	1.400000e-08	
9.395851e+06	3	1.506383e-05	16	1.400000e-08	8.714638e-06	3375523036	8.765190e-06	57770090	1.412253e-08	3071577057	1.412253e-08	
9.416738e+06	1	2.503309e-05	3	5.991695e-07	3.048292e-05	188552836	8.953334e-06	
9.490133e+06	2	1.533540e-05	2	4.531226e-07	2.777230e-05	48	1.097976e-05	1452489764	2.768138e-08	
9.536507e+06	4	5.376673e-06	2312786130	1.439857e-08	8.714638e-06	2999719241	8.755794e-06	4260098875	1.400000e-08	
9.645627e+06	3	1.004711e-05	1026028388	1.579973e-08	8.714638e-06	57770090	8.739987e-06	3696843781	1.400000e-08	
9.752150e+06	3	1.159675e-05	2001290253	1.473515e-08	8.714638e-06	3869596591	8.765190e-06	2138100036	1.400000e-08	
9.996609e+06	1	1.035821e-05	7	3.780000e-07	2.614391e-05	772925454	8.714638e-06	
1.007324e+07	2	1.089505e-05	2	6.517298e-07	3.134940e-05	9	2.595758e-05	1726701215	1.428067e-08	1412415798	1.428067e-08	375852842	1.428067e-08	3593732192	1.428067e-08	3888264012	1.428067e-08	313359544	1.428067e-08	217284033	1.428067e-08	2151269300	1.428067e-08	3913511150	1.428067e-08	2962530363	1.428067e-08	2063946235	1.428067e-08	1172086036	1.428067e-08	
1.007324e+07	1	3.986485e-06	1412415798	2.856134e-08	1.105265e-05	1726701215	8.772490e-06	
1.007324e+07	0	1.184216e-05	1172086036	1.428067e-08	8.772490e-06	375852842	8.772490e-06	
1.007324e+07	1	1.003228e-05	1412415798	4.284202e-08	1.265212e-05	375852842	8.772490e-06	
1.007324e+07	1	2.408510e-05	2	6.945718e-07	3.202180e-05	1412415798	1.265212e-05	
1.007324e+07	1	1.696829e-05	2	7.088525e-07	3.223977e-05	1172086036	8.772490e-06	
1.007444e+07	1	1.516361e-05	2	7.231332e-07	3.245484e-05	217284033	8.772490e-06	
1.008022e+07	1	4.746186e-06	1	6.337068e-07	3.105771e-05	1452489764	1.093795e-05	
1.008700e+07	1	1.829916e-05	2	7.374138e-07	3.266709e-05	3888264012	8.772490e-06	
1.009840e+07	1	1.817348e-05	2	7.516945e-07	3.287662e-05	2063946235	8.772490e-06	
1.016074e+07	1	2.642493e-05	1	6.479875e-07	3.128928e-05	2962530363	8.772490e-06	
1.016768e+07	4	6.485577e-06	1945448119	1.825454e-08	8.714638e-06	313359544	8.772490e-06	690117576	1.400000e-08	
1.016768e+07	4	6.466265e-06	1945448119	1.853522e-08	7.976916e-06	2151269300	8.772490e-06	3288380490	1.400000e-08	
1.026743e+07	1	2.147932e-05	6	3.208178e-07	2.475290e-05	113	1.097976e-05	
1.027705e+07	0	1.392000e-05	71	2.800000e-08	1.097976e-05	3537925318	8.755794e-06	
1.036752e+07	3	1.103060e-05	15	1.400000e-08	8.714638e-06	16	8.714638e-06	845665321	1.400000e-08	3122982648	1.400000e-08	1471982444	1.400000e-08	
1.036752e+07	1	2.287298e-08	1471982444	2.800000e-08	1.097976e-05	3122982648	8.714638e-06	
1.036752e+07	1	1.898340e-08	1471982444	4.200000e-08	1.256868e-05	845665321	8.714638e-06	
1.043732e+07	1	9.803761e-02	0	1.000000e+00	1.000000e-01	144	1.097976e-05	
1.063115e+07	1	5.640836e-06	2	7.656945e-07	3.307947e-05	3288380490	7.976916e-06	
1.077290e+07	4	5.101655e-06	41	1.400000e-08	8.714638e-06	1945448119	7.976916e-06	3303338876	1.626761e-08	2875471576	1.626761e-08	
1.077290e+07	1	3.425051e-08	2875471576	3.253522e-08	1.154316e-05	3303338876	9.161809e-06	
1.123420e+07	0	3.276993e-05	1	6.479875e-07	3.128928e-05	18	1.097976e-05	
1.126902e+07	2	1.414122e-05	14	2.827565e-07	2.373254e-05	85	1.097976e-05	1738909006	2.524349e-08	
1.152747e+07	1	2.740669e-05	4	8.106070e-07	3.371399e-05	1035956119	1.256868e-05	
1.161400e+07	2	3.176826e-05	2	1.007252e-06	3.624539e-05	7	2.614391e-05	356405251	1.516027e-08	2879167783	1.516027e-08	3083352544	1.516027e-08	4198169764	1.516027e-08	821115011	1.516027e-08	2118016430	1.516027e-08	1945735688	1.516027e-08	4093093422	1.516027e-08	2842015324	1.516027e-08	
1.161815e+07	4	1.601781e-06	2879167783	1.544095e-08	8.714638e-06	3593732192	8.772490e-06	1249238030	1.400000e-08	
1.168346e+07	1	8.327864e-06	2	1.022412e-06	3.642633e-05	821115011	8.949024e-06	
1.172598e+07	1	2.892319e-05	2	1.037573e-06	3.660549e-05	4093093422	8.949024e-06	
1.173045e+07	1	1.317212e-05	2	1.052733e-06	3.678291e-05	2118016430	8.949024e-06	
1.214660e+07	3	1.464312e-05	56	1.771977e-08	9.226598e-06	41	8.714638e-06	3214077756	1.661517e-08	
1.238272e+07	0	1.730178e-05	70	2.800000e-08	1.097976e-05	1945735688	8.949024e-06	
1.254193e+07	0	3.387094e-05	1	6.479875e-07	3.128928e-05	1471982444	1.256868e-05	
1.277003e+07	1	2.075596e-05	2	1.066733e-06	3.694525e-05	1249238030	8.714638e-06	
1.287808e+07	4	3.848722e-06	132	1.400000e-08	8.714638e-06	3414514926	8.755794e-06	879162223	1.409964e-08	3884425642	1.409964e-08	
1.290512e+07	1	9.781927e-02	0	1.000000e+00	1.000000e-01	111	1.097976e-05	
1.304305e+07	1	1.079153e-05	2	1.080733e-06	3.710617e-05	104	8.714638e-06	
1.315555e+07	0	3.411639e-05	1	6.479875e-07	3.128928e-05	1471982444	1.256868e-05	
1.333737e+07	4	9.104779e-06	70	1.400000e-08	8.714638e-06	690117576	8.714638e-06	1149406307	1.400000e-08	3528332227	1.400000e-08	
1.333755e+07	1	1.108742e-05	1149406307	2.800000e-08	1.097976e-05	70	8.714638e-06	
1.334248e+07	4	4.334806e-06	1149406307	1.400000e-08	8.714638e-06	18	1.097976e-05	4004407106	1.400000e-08	451270221	1.400000e-08	3149440925	1.400000e-08	
1.346946e+07	1	1.414156e-05	10	3.360000e-07	2.513737e-05	124	1.097976e-05	
1.357372e+07	1	9.937761e-02	0	1.000000e+00	1.000000e-01	103	8.714638e-06	
1.359276e+07	0	9.025087e-06	3149440925	1.400000e-08	8.714638e-06	451270221	8.714638e-06	
1.360902e+07	1	2.712752e-05	12	6.657781e-07	3.157305e-05	117	1.097976e-05	
1.362136e+07	1	2.560343e-05	1	6.619875e-07	3.151301e-05	3149440925	8.714638e-06	
1.383113e+07	1	1.725327e-05	12	6.937781e-07	3.200960e-05	149	1.097976e-05	
1.390904e+07	1	2.713399e-05	1	6.759875e-07	3.173362e-05	4004407106	8.714638e-06	
1.391828e+07	1	1.194042e-05	2	1.094733e-06	3.726571e-05	2138100036	8.714638e-06	
1.395296e+07	2	6.178518e-06	3	6.031156e-07	3.054969e-05	77	1.097976e-05	2250775120	2.405389e-08	
1.397779e+07	3	1.313039e-05	1471982444	1.400000e-08	8.714638e-06	3528332227	8.714638e-06	1130108289	1.400000e-08	2177968201	1.400000e-08	2914302410	1.400000e-08	
1.397779e+07	1	4.734497e-09	2914302410	2.800000e-08	1.097976e-05	1130108289	8.714638e-06	
1.397779e+07	1	3.520822e-09	2914302410	4.200000e-08	1.256868e-05	2177968201	8.714638e-06	
1.398506e+07	0	3.420947e-05	3	6.031156e-07	3.054969e-05	2328232000	8.755794e-06	
1.408858e+07	0	1.208298e-05	110	2.800000e-08	1.097976e-05	82	1.097976e-05	
1.424457e+07	1	2.290757e-05	10	3.640000e-07	2.581708e-05	146	1.097976e-05	
1.428956e+07	3	1.214800e-05	72	1.400000e-08	8.714638e-06	1634407402	8.755794e-06	3655816389	1.409964e-08	3485819286	1.409964e-08	
1.430746e+07	4	5.504491e-06	2875471576	1.400000e-08	8.714638e-06	38	8.714638e-06	1382686479	1.626761e-08	1803925302	1.626761e-08	
1.430746e+07	1	3.283897e-06	1803925302	3.253522e-08	1.154316e-05	1382686479	9.161809e-06	
1.433590e+07	1	2.882809e-05	3	6.271695e-07	3.095055e-05	2250775120	1.043763e-05	
1.437789e+07	1	9.953716e-02	0	1.000000e+00	1.000000e-01	135	1.097976e-05	
1.451284e+07	0	3.682361e-05	1	6.759875e-07	3.173362e-05	2842015324	8.949024e-06	
1.491268e+07	3	1.065578e-05	2842015324	1.593801e-08	8.714638e-06	2707128518	8.873112e-06	3293059020	1.400000e-08	
1.503377e+07	1	9.912275e-02	0	1.000000e+00	1.000000e-01	55	1.097976e-05	
1.515866e+07	1	1.236715e-05	2	1.108833e-06	3.742502e-05	3485819286	8.735264e-06	
1.535584e+07	4	4.687967e-06	3642829293	1.748319e-08	8.714638e-06	2875471576	8.714638e-06	378125977	1.400000e-08	
1.542293e+07	1	2.732890e-05	1	6.899875e-07	3.195119e-05	15	8.714638e-06	
1.547683e+07	1	2.133806e-06	1	7.039875e-07	3.216585e-05	1842102965	8.714638e-06	
1.569436e+07	1	3.073912e-05	4	8.247066e-07	3.390834e-05	3884425642	8.735264e-06	
1.571583e+07	1	9.986391e-02	0	1.000000e+00	1.000000e-01	147	1.097976e-05	
1.581354e+07	3	2.058438e-06	2795063678	3.230065e-08	1.151535e-05	81	1.097976e-05	2159618959	1.884967e-08	2441325815	1.884967e-08	
1.608499e+07	0	6.355873e-05	4	8.247066e-07	3.390834e-05	12	3.200960e-05	
1.634314e+07	1	2.729986e-05	1	7.217073e-07	3.243349e-05	56	9.226598e-06	
1.636675e+07	1	1.537092e-05	12	7.079774e-07	3.222650e-05	1494850122	8.755794e-06	
1.649386e+07	3	9.475879e-06	88	1.400000e-08	8.714638e-06	2328232000	8.755794e-06	3401497744	1.409964e-08	4069401935	1.409964e-08	
1.652262e+07	3	6.194357e-06	2914302410	2.617478e-08	1.073580e-05	3293059020	8.714638e-06	134948105	1.491261e-08	1998372786	1.491261e-08	
1.691356e+07	0	3.563059e-05	3	6.271695e-07	3.095055e-05	879162223	8.735264e-06	
1.699665e+07	1	2.210846e-05	1	7.373845e-07	3.266666e-05	1128056158	9.049604e-06	
1.704789e+07	2	8.265524e-06	1	7.385282e-07	3.268354e-05	3083352544	8.949024e-06	2455922112	1.401658e-08	
1.704789e+07	2	8.208711e-06	1	7.395122e-07	3.269805e-05	4198169764	8.949024e-06	3059103076	1.417623e-08	
1.727875e+07	3	1.291234e-05	1998372786	1.531118e-08	8.714638e-06	2312786130	8.714638e-06	432337108	1.400000e-08	
1.739914e+07	1	2.734728e-05	2	1.122833e-06	3.758187e-05	83	8.714638e-06	
1.740247e+07	1	1.992773e-05	2	1.138510e-06	3.775597e-05	2909632847	9.049604e-06	
1.760351e+07	3	1.060992e-05	2879167783	1.544095e-08	8.434656e-06	72	8.714638e-06	1902671923	1.400000e-08	
1.760412e+07	1	2.841109e-04	1068020906	9.543140e-04	3.559894e-04	88	8.714638e-06	
1.760493e+07	1	9.915501e-02	0	1.000000e+00	1.000000e-01	126	1.097976e-05	
1.760531e+07	1	8.622506e-02	0	1.000000e+00	1.000000e-01	122	1.097976e-05	
1.760540e+07	1	2.857313e-04	1068020906	9.543420e-04	3.559929e-04	127	1.097976e-05	
1.760583e+07	1	9.268704e-02	0	1.000000e+00	1.000000e-01	142	1.097976e-05	
1.760652e+07	1	9.568442e-02	0	1.000000e+00	1.000000e-01	114	8.714638e-06	
1.760668e+07	1	9.865484e-02	0	1.000000e+00	1.000000e-01	137	1.097976e-05	
1.760799e+07	1	8.746298e-02	0	1.000000e+00	1.000000e-01	71	1.097976e-05	
1.760801e+07	1	9.487607e-02	0	1.000000e+00	1.000000e-01	107	1.097976e-05	
1.760816e+07	1	9.952018e-02	0	1.000000e+00	1.000000e-01	39	1.097976e-05	
1.760829e+07	1	9.830245e-02	0	1.000000e+00	1.000000e-01	100	1.097976e-05	
1.760993e+07	1	9.990500e-02	0	1.000000e+00	1.000000e-01	150	1.097976e-05	
1.761169e+07	1	9.293249e-02	0	1.000001e+00	1.000000e-01	145	1.097976e-05	
1.761186e+07	1	9.835681e-02	0	1.000001e+00	1.000000e-01	29	1.097976e-05	
1.761309e+07	1	6.745908e-02	0	1.000001e+00	1.000000e-01	141	1.097976e-05	
1.761400e+07	1	9.722322e-02	0	1.000001e+00	1.000000e-01	1639799867	9.423235e-06	
1.761507e+07	1	9.668050e-02	0	1.000001e+00	1.000000e-01	119	1.097976e-05	
1.762218e+07	1	9.900644e-02	0	1.000001e+00	1.000000e-01	1104410542	8.755794e-06	
1.762254e+07	1	9.999885e-02	0	1.000001e+00	1.000000e-01	1902671923	8.434656e-06	
1.762261e+07	1	9.721605e-02	0	1.000001e+00	1.000000e-01	2159618959	9.622944e-06	
1.762537e+07	1	9.706423e-02	0	1.000001e+00	1.000000e-01	134948105	8.900025e-06	
1.762745e+07	1	9.364894e-02	0	1.000001e+00	1.000000e-01	2211003714	9.026120e-06	
1.763274e+07	1	2.788606e-02	0	1.000001e+00	1.000000e-01	49	1.097976e-05	
1.763778e+07	1	9.404940e-02	0	1.000001e+00	1.000000e-01	310481256	1.443800e-05	
1.764542e+07	1	9.813060e-02	0	1.000001e+00	1.000000e-01	50	1.097976e-05	
1.764758e+07	1	9.963912e-02	0	1.000001e+00	1.000000e-01	101	1.097976e-05	
1.765073e+07	1	9.789909e-02	0	1.000001e+00	1.000000e-01	131	1.097976e-05	
1.765090e+07	1	9.377063e-02	0	1.000001e+00	1.000000e-01	302486611	8.833909e-06	
1.765892e+07	1	9.411169e-02	0	1.000001e+00	1.000000e-01	125	1.097976e-05	
1.767520e+07	1	9.944994e-02	0	1.000001e+00	1.000000e-01	3059103076	8.751052e-06	
1.771696e+07	1	9.975623e-02	0	1.000001e+00	1.000000e-01	1026028388	8.714638e-06	
1.772264e+07	1	9.759154e-02	0	1.000001e+00	1.000000e-01	130	1.383363e-05	
1.773550e+07	1	9.757876e-02	0	1.000001e+00	1.000000e-01	99	1.097976e-05	
1.774985e+07	1	9.959776e-02	0	1.000001e+00	1.000000e-01	3491092596	8.714638e-06	
1.780836e+07	1	9.942202e-02	0	1.000001e+00	1.000000e-01	10	2.581708e-05	
1.781214e+07	1	9.955276e-02	0	1.000001e+00	1.000000e-01	3537925318	8.755794e-06	
1.783488e+07	1	9.976851e-02	0	1.000001e+00	1.000000e-01	3696843781	8.714638e-06	
1.787776e+07	1	9.979178e-02	0	1.000001e+00	1.000000e-01	3071577057	8.739987e-06	
1.799756e+07	1	9.434879e-02	0	1.000001e+00	1.000000e-01	62	1.097976e-05	
1.802081e+07	1	9.985495e-02	0	1.000001e+00	1.000000e-01	4260098875	8.714638e-06	
1.803270e+07	1	9.927403e-02	0	1.000002e+00	1.000001e-01	65	1.097976e-05	
1.807287e+07	1	9.967469e-02	0	1.000002e+00	1.000001e-01	1945735688	8.949024e-06	
1.808664e+07	1	9.172095e-02	0	1.000002e+00	1.000001e-01	152	1.097976e-05	
1.809506e+07	1	9.966356e-02	0	1.000002e+00	1.000001e-01	474866315	8.873112e-06	
1.811519e+07	1	9.993812e-02	0	1.000002e+00	1.000001e-01	3913511150	8.772490e-06	
1.813225e+07	1	9.947588e-02	0	1.000002e+00	1.000001e-01	1471982444	8.714638e-06	
1.813582e+07	1	9.960218e-02	0	1.000002e+00	1.000001e-01	78	8.994590e-06	
1.815126e+07	1	9.974001e-02	0	1.000002e+00	1.000001e-01	611212867	1.256868e-05	
1.817678e+07	1	9.950289e-02	0	1.000002e+00	1.000001e-01	1803925302	1.154316e-05	
1.826352e+07	1	9.991502e-02	0	1.000002e+00	1.000001e-01	432337108	8.714638e-06	
1.836970e+07	1	9.959158e-02	0	1.000002e+00	1.000001e-01	2441325815	9.622944e-06	
1.837028e+07	1	9.923343e-02	0	1.000002e+00	1.000001e-01	3214077756	9.226598e-06	
1.837505e+07	1	9.952601e-02	0	1.000002e+00	1.000001e-01	59	1.097976e-05	
1.849806e+07	1	9.854369e-02	0	1.000002e+00	1.000001e-01	1149406307	8.714638e-06	
1.852401e+07	1	9.971271e-02	0	1.000002e+00	1.000001e-01	2842015324	8.714638e-06	
1.857359e+07	1	9.963629e-02	0	1.000002e+00	1.000001e-01	1738909006	1.060693e-05	
1.863328e+07	1	9.939049e-02	0	1.000002e+00	1.000001e-01	3655816389	8.735264e-06	
1.866521e+07	1	9.986928e-02	0	1.000002e+00	1.000001e-01	2914302410	1.073580e-05	
1.905258e+07	1	2.340503e-05	1	7.536119e-07	3.290455e-05	879162223	8.735264e-06	
1.919415e+07	1	9.984909e-02	0	1.000002e+00	1.000001e-01	451270221	8.714638e-06	
1.928858e+07	1	9.931319e-02	0	1.000002e+00	1.000001e-01	34	1.097976e-05	
1.952241e+07	1	9.845450e-02	0	1.000002e+00	1.000001e-01	2455922112	8.718077e-06	
1.976283e+07	1	9.969046e-02	0	1.000003e+00	1.000001e-01	3	3.095055e-05	
1.997288e+07	1	9.992725e-02	0	1.000003e+00	1.000001e-01	2795063678	1.151535e-05	
2.036683e+07	1	9.701816e-02	0	1.000003e+00	1.000001e-01	378125977	8.714638e-06	
2.042606e+07	1	9.512418e-02	0	1.000003e+00	1.000001e-01	12	3.222650e-05	
2.492999e+07	3	2.211147e-05	2	1.138146e-06	3.775194e-05	82	1.097976e-05	4209590891	1.418188e-08	77395223	1.418188e-08	
2.625193e+07	1	9.947277e-02	0	1.000003e+00	1.000001e-01	77395223	8.752213e-06	
2.744936e+07	1	9.996441e-02	0	1.000003e+00	1.000001e-01	4209590891	8.752213e-06	
3.418945e+07	1	9.973553e-02	0	1.000004e+00	1.000001e-01	2	3.775194e-05	
4.247940e+07	1	1.000070e-01	0	1.000005e+00	1.000002e-01	1	3.290455e-05	
1.947789e+08	1	9.712081e-02	0	1.000005e+00	1.000002e-01	14	2.373254e-05	
