4.454411e+02	1	1.885623e-05	34	5.600000e-08	1.383363e-05	33	1.097976e-05	
1.313525e+03	1	1.399389e-05	1	3.080000e-07	2.441876e-05	23	1.097976e-05	
4.343713e+03	1	7.519187e-06	98	5.600000e-08	1.383363e-05	91	1.097976e-05	
1.247664e+04	1	1.499426e-05	46	5.600000e-08	1.383363e-05	43	1.097976e-05	
1.304830e+04	0	1.617891e-05	22	2.800000e-08	1.097976e-05	21	1.097976e-05	
1.747684e+04	1	2.071431e-05	135	5.600000e-08	1.383363e-05	134	1.097976e-05	
2.431409e+04	0	2.140293e-05	20	2.800000e-08	1.097976e-05	19	1.097976e-05	
4.777829e+04	0	1.750275e-05	93	2.800000e-08	1.097976e-05	92	1.097976e-05	
4.926919e+04	1	1.171678e-05	121	5.600000e-08	1.383363e-05	111	1.097976e-05	
5.059304e+04	1	7.425075e-06	68	5.600000e-08	1.383363e-05	56	1.097976e-05	
7.039949e+04	1	3.374979e-05	12	5.600000e-07	2.980364e-05	7	2.365517e-05	
9.318765e+04	0	2.644582e-05	1	3.080000e-07	2.441876e-05	22	1.097976e-05	
1.732908e+05	1	8.661413e-06	1	3.360000e-07	2.513737e-05	22	1.097976e-05	
1.768266e+05	1	2.212678e-06	17	5.600000e-08	1.383363e-05	15	1.097976e-05	
1.770945e+05	1	2.222725e-05	9	3.080000e-07	2.441876e-05	47	1.097976e-05	
1.957744e+05	1	2.350117e-05	1	3.640000e-07	2.581708e-05	27	1.097976e-05	
2.330379e+05	1	2.170996e-05	12	5.880000e-07	3.029231e-05	87	1.097976e-05	
2.448706e+05	0	2.494456e-05	6	2.800000e-07	2.365517e-05	76	1.097976e-05	
2.460375e+05	0	1.395952e-05	101	2.800000e-08	1.097976e-05	62	1.097976e-05	
2.610132e+05	0	2.548144e-05	10	2.800000e-07	2.365517e-05	114	1.097976e-05	
3.039154e+05	1	1.042351e-05	17	8.400000e-08	1.583555e-05	18	1.097976e-05	
3.249098e+05	2	5.773626e-06	65	3.552513e-08	1.188644e-05	52	1.097976e-05	3687573659	2.047487e-08	
3.331357e+05	3	4.728166e-06	76	1.400000e-08	8.714638e-06	75	1.097976e-05	3196256300	1.400000e-08	848448836	1.400000e-08	2211003714	1.400000e-08	
3.331357e+05	1	4.222953e-09	2211003714	2.800000e-08	1.097976e-05	848448836	8.714638e-06	
3.331357e+05	1	3.661260e-09	2211003714	4.200000e-08	1.256868e-05	3196256300	8.714638e-06	
3.492243e+05	3	3.307551e-06	17	7.933653e-08	1.553690e-05	26	1.097976e-05	2916276788	1.633174e-08	3696193412	1.633174e-08	
3.706823e+05	1	8.440489e-06	19	4.433174e-08	1.279710e-05	2916276788	9.173832e-06	
3.711151e+05	2	1.460236e-05	2	3.213051e-07	2.476543e-05	34	1.383363e-05	15308464	1.469488e-08	
3.810337e+05	1	2.691495e-05	5	3.080000e-07	2.441876e-05	74	1.097976e-05	
3.881487e+05	0	2.981239e-05	11	2.800000e-07	2.365517e-05	120	1.097976e-05	
3.916103e+05	0	2.602417e-05	6	2.800000e-07	2.365517e-05	86	1.097976e-05	
4.887356e+05	0	1.454311e-05	68	5.600000e-08	1.383363e-05	44	1.097976e-05	
5.247123e+05	0	3.236259e-05	6	2.800000e-07	2.365517e-05	49	1.097976e-05	
5.554308e+05	3	3.143758e-06	30	1.550975e-08	9.017268e-06	25	1.097976e-05	1239307652	2.024512e-08	1945448119	2.024512e-08	
5.554309e+05	1	2.275064e-06	1945448119	4.049025e-08	1.241624e-05	1239307652	9.854777e-06	
5.575180e+05	1	2.040587e-05	1945448119	5.600000e-08	1.383363e-05	30	9.017268e-06	
5.748333e+05	0	3.955029e-05	12	5.880000e-07	3.029231e-05	49	1.097976e-05	
6.132009e+05	0	1.559063e-05	36	2.800000e-08	1.097976e-05	32	1.097976e-05	
7.046229e+05	1	2.557989e-05	12	6.160000e-07	3.076571e-05	71	1.097976e-05	
7.489632e+05	1	2.252241e-05	5	3.640000e-07	2.581708e-05	68	1.383363e-05	
7.805686e+05	3	8.302652e-06	17	6.118742e-08	1.424822e-05	16	1.097976e-05	3396227953	1.538304e-08	3321237907	1.538304e-08	3187199216	1.538304e-08	
8.414590e+05	3	1.022660e-05	3187199216	1.676608e-08	8.714638e-06	3396227953	8.992643e-06	3330100144	1.400000e-08	
8.519695e+05	1	1.306862e-05	132	5.600000e-08	1.383363e-05	119	1.097976e-05	
8.830877e+05	0	1.802585e-05	102	2.800000e-08	1.097976e-05	63	1.097976e-05	
8.923950e+05	1	1.385337e-05	17	8.918742e-08	1.615503e-05	32	1.097976e-05	
8.992052e+05	4	1.957243e-06	19	1.400000e-08	8.714638e-06	20	1.097976e-05	310481256	1.458293e-08	817087088	1.458293e-08	551137729	1.458293e-08	1218250404	1.458293e-08	
8.992052e+05	1	1.500632e-08	1218250404	2.916587e-08	1.113008e-05	310481256	8.833951e-06	
8.992052e+05	1	1.502512e-08	551137729	2.916587e-08	1.113008e-05	817087088	8.833951e-06	
8.992052e+05	1	1.515446e-08	1218250404	5.833174e-08	1.402302e-05	551137729	1.113008e-05	
9.032962e+05	1	9.890283e-02	0	1.000000e+00	1.000000e-01	154	1.097976e-05	
9.063300e+05	1	2.264754e-06	1218250404	7.233174e-08	1.506548e-05	19	8.714638e-06	
9.365333e+05	3	1.372160e-05	1945448119	4.101122e-08	1.246927e-05	24	1.097976e-05	1035956119	1.432959e-08	1211996162	1.432959e-08	188552836	1.432959e-08	
9.365333e+05	1	2.645889e-08	1211996162	2.865919e-08	1.106525e-05	1035956119	8.782496e-06	
9.365333e+05	1	2.546418e-07	1211996162	4.298878e-08	1.266655e-05	188552836	8.782496e-06	
1.025486e+06	0	2.066749e-05	135	5.600000e-08	1.383363e-05	127	1.097976e-05	
1.078432e+06	3	1.055221e-05	3321237907	1.538304e-08	8.714638e-06	3330100144	8.714638e-06	2029773149	1.400000e-08	
1.144837e+06	2	7.190571e-06	1211996162	5.340329e-08	1.361641e-05	1945448119	1.246927e-05	302486611	1.529836e-08	1842102965	1.529836e-08	
1.182855e+06	1	1.776649e-05	5	3.920000e-07	2.646277e-05	110	1.097976e-05	
1.203106e+06	1	3.019378e-05	10	3.360000e-07	2.513737e-05	98	1.383363e-05	
1.252299e+06	0	3.018783e-05	2	3.213051e-07	2.476543e-05	29	1.097976e-05	
1.308265e+06	0	1.432371e-05	63	2.800000e-08	1.097976e-05	62	1.097976e-05	
1.335961e+06	0	3.318767e-05	3	2.800000e-07	2.365517e-05	3687573659	9.891916e-06	
1.347202e+06	0	1.853500e-05	79	2.800000e-08	1.097976e-05	42	1.097976e-05	
1.527235e+06	2	9.431881e-06	123	3.627684e-08	1.196970e-05	59	1.097976e-05	1285693762	1.972316e-08	
1.857930e+06	1	1.512310e-05	3	3.080000e-07	2.441876e-05	108	1.097976e-05	
2.011327e+06	3	9.850239e-06	17	7.772026e-08	1.543067e-05	3696193412	9.173832e-06	1078741991	2.779890e-08	
2.169455e+06	1	2.384277e-05	3	3.360000e-07	2.513737e-05	44	1.097976e-05	
2.189140e+06	1	2.925077e-05	12	6.440000e-07	3.122496e-05	77	1.097976e-05	
2.242154e+06	2	3.314932e-05	5	6.346326e-07	3.107283e-05	8	2.365517e-05	2723643411	1.400000e-08	1804212609	2.336741e-08	
2.291424e+06	1	1.887865e-05	10	3.640000e-07	2.581708e-05	96	1.097976e-05	
2.318515e+06	2	2.042482e-06	6	2.870728e-07	2.385269e-05	62	1.097976e-05	438292632	2.092715e-08	
2.365664e+06	1	8.155224e-06	6	3.080000e-07	2.441876e-05	438292632	9.964221e-06	
2.420738e+06	3	1.189611e-05	3	3.203078e-07	2.473978e-05	46	1.383363e-05	2001290253	1.433845e-08	3147695692	1.433845e-08	3179285865	1.433845e-08	2173231515	1.433845e-08	740082705	1.433845e-08	
2.580407e+06	1	2.090101e-05	12	6.720000e-07	3.167110e-05	114	1.097976e-05	
2.669929e+06	1	2.449315e-05	2	3.493051e-07	2.546488e-05	31	1.097976e-05	
2.672398e+06	1	1.448182e-05	3	3.346462e-07	2.510356e-05	740082705	8.784304e-06	
2.680249e+06	3	1.003263e-05	121	4.400570e-08	1.276565e-05	88	1.097976e-05	2795063678	1.999715e-08	3642829293	1.999715e-08	
2.730062e+06	0	2.717680e-05	1	3.640000e-07	2.581708e-05	28	1.097976e-05	
2.785763e+06	3	6.148168e-06	2	3.472947e-07	2.541593e-05	90	1.097976e-05	2707128518	1.500521e-08	474866315	1.500521e-08	
2.786225e+06	1	2.201237e-05	2	3.622999e-07	2.577682e-05	2707128518	8.918408e-06	
2.835231e+06	0	1.468413e-05	86	2.800000e-08	1.097976e-05	37	1.097976e-05	
2.839299e+06	1	1.670239e-05	14	3.080000e-07	2.441876e-05	138	1.097976e-05	
2.882021e+06	0	2.156171e-05	118	2.800000e-08	1.097976e-05	107	1.097976e-05	
2.929370e+06	0	3.091932e-05	4	2.800000e-07	2.365517e-05	21	1.097976e-05	
2.962999e+06	0	3.439964e-05	13	2.800000e-07	2.365517e-05	135	1.383363e-05	
3.043887e+06	0	2.823441e-05	1	3.640000e-07	2.581708e-05	1211996162	1.361641e-05	
3.221912e+06	1	2.885878e-05	12	7.000000e-07	3.210500e-05	79	1.097976e-05	
3.396208e+06	0	1.942730e-05	104	2.800000e-08	1.097976e-05	72	1.097976e-05	
3.443719e+06	0	3.316759e-05	2	3.622999e-07	2.577682e-05	1842102965	8.976112e-06	
3.482113e+06	1	1.901198e-05	12	7.280000e-07	3.252748e-05	61	1.097976e-05	
3.534254e+06	1	2.497456e-05	3	3.626462e-07	2.578503e-05	29	1.097976e-05	
3.672899e+06	2	1.183178e-05	2	3.734311e-07	2.603815e-05	1078741991	1.095341e-05	1639799867	1.666767e-08	
3.672899e+06	1	1.080395e-05	2	3.874311e-07	2.635956e-05	2723643411	8.714638e-06	
3.772120e+06	0	1.586660e-05	97	2.800000e-08	1.097976e-05	93	1.097976e-05	
3.822017e+06	3	4.181434e-06	65	3.083977e-08	1.133906e-05	3179285865	8.784304e-06	1026028388	1.902380e-08	
3.835393e+06	1	1.777515e-05	1	3.786949e-07	2.615992e-05	15308464	8.856497e-06	
3.999285e+06	0	1.915216e-05	28	2.800000e-08	1.097976e-05	3187199216	8.714638e-06	
4.127924e+06	1	1.784531e-05	5	6.626326e-07	3.152325e-05	67	1.097976e-05	
4.137485e+06	0	3.725141e-05	12	7.280000e-07	3.252748e-05	80	1.097976e-05	
4.189610e+06	0	2.794574e-05	9	3.080000e-07	2.441876e-05	85	1.097976e-05	
4.203056e+06	0	2.735871e-05	9	3.080000e-07	2.441876e-05	1026028388	9.652485e-06	
4.261553e+06	0	1.751927e-05	51	2.800000e-08	1.097976e-05	3187199216	8.714638e-06	
4.353218e+06	2	2.049398e-05	12	7.418231e-07	3.273207e-05	40	1.097976e-05	1128056158	1.417695e-08	
4.446245e+06	2	1.476914e-05	5	8.496524e-07	3.424683e-05	11	2.365517e-05	2909632847	1.549670e-08	937177227	1.549670e-08	3393811039	1.549670e-08	611212867	1.549670e-08	1104410542	1.549670e-08	2328232000	1.549670e-08	
4.598163e+06	1	3.350887e-05	5	8.776524e-07	3.461897e-05	42	1.097976e-05	
4.703866e+06	0	1.616504e-05	38	2.800000e-08	1.097976e-05	76	8.714638e-06	
4.820561e+06	0	1.496441e-05	106	2.800000e-08	1.097976e-05	105	1.097976e-05	
4.820561e+06	0	1.472866e-05	106	2.800000e-08	1.097976e-05	105	1.097976e-05	
4.973414e+06	3	1.447569e-05	36	1.400000e-08	8.714638e-06	21	1.097976e-05	2999719241	1.400000e-08	1931993247	1.400000e-08	1494850122	1.400000e-08	
5.157485e+06	1	9.925335e-02	0	1.000000e+00	1.000000e-01	152	1.097976e-05	
5.217995e+06	0	3.389648e-05	2	3.874311e-07	2.635956e-05	1211996162	1.361641e-05	
5.555553e+06	1	2.776404e-05	12	7.698231e-07	3.313882e-05	73	1.097976e-05	
5.572734e+06	2	2.144244e-05	2	3.986186e-07	2.661088e-05	28	1.097976e-05	3414514926	1.681252e-08	
5.572734e+06	2	2.087353e-05	2	4.083062e-07	2.682473e-05	35	1.097976e-05	2312786130	1.831246e-08	
5.601709e+06	1	9.440996e-02	0	1.000000e+00	1.000000e-01	125	1.097976e-05	
5.609512e+06	1	8.605754e-02	0	1.000000e+00	1.000000e-01	117	1.097976e-05	
5.630000e+06	1	9.753395e-02	0	1.000000e+00	1.000000e-01	132	1.383363e-05	
5.643434e+06	4	1.084680e-05	1211996162	1.400000e-08	8.714638e-06	2029773149	8.714638e-06	3537925318	1.780110e-08	1634407402	1.780110e-08	3869596591	1.780110e-08	
5.648053e+06	1	4.379666e-06	3869596591	3.180110e-08	1.145568e-05	1211996162	8.714638e-06	
5.649030e+06	1	9.893542e-02	0	1.000000e+00	1.000000e-01	99	1.097976e-05	
5.661836e+06	1	9.862869e-02	0	1.000000e+00	1.000000e-01	63	1.097976e-05	
5.672380e+06	1	9.549541e-02	0	1.000000e+00	1.000000e-01	121	1.276565e-05	
5.692770e+06	1	9.279122e-02	0	1.000000e+00	1.000000e-01	82	1.097976e-05	
5.714311e+06	1	9.980002e-02	0	1.000000e+00	1.000000e-01	107	1.097976e-05	
5.718624e+06	1	9.795492e-02	0	1.000000e+00	1.000000e-01	128	1.097976e-05	
5.729831e+06	1	9.879857e-02	0	1.000000e+00	1.000000e-01	2001290253	8.784304e-06	
5.731500e+06	1	9.997237e-02	0	1.000000e+00	1.000000e-01	302486611	8.976112e-06	
5.772148e+06	1	9.158807e-02	0	1.000000e+00	1.000000e-01	45	1.097976e-05	
5.794884e+06	1	9.997474e-02	0	1.000000e+00	1.000000e-01	3187199216	8.714638e-06	
5.813401e+06	1	9.970869e-02	0	1.000000e+00	1.000000e-01	3147695692	8.784304e-06	
5.831533e+06	1	9.905069e-02	0	1.000000e+00	1.000000e-01	3321237907	8.714638e-06	
5.838067e+06	1	1.000088e-01	0	1.000000e+00	1.000000e-01	3537925318	9.441093e-06	
5.861862e+06	1	9.799634e-02	0	1.000001e+00	1.000000e-01	86	1.097976e-05	
5.899049e+06	1	9.639866e-02	0	1.000001e+00	1.000000e-01	58	1.097976e-05	
5.962956e+06	1	9.769136e-02	0	1.000001e+00	1.000000e-01	57	1.097976e-05	
6.030015e+06	1	9.976214e-02	0	1.000001e+00	1.000000e-01	1285693762	9.769347e-06	
6.065371e+06	1	9.978393e-02	0	1.000001e+00	1.000000e-01	2173231515	8.784304e-06	
6.080479e+06	1	9.677671e-02	0	1.000001e+00	1.000000e-01	10	2.581708e-05	
6.088314e+06	0	3.090286e-05	3	3.626462e-07	2.578503e-05	48	1.097976e-05	
6.116013e+06	1	9.979038e-02	0	1.000001e+00	1.000000e-01	102	1.097976e-05	
6.118680e+06	1	9.391282e-02	0	1.000001e+00	1.000000e-01	100	1.097976e-05	
6.185416e+06	1	9.992890e-02	0	1.000001e+00	1.000000e-01	17	1.543067e-05	
6.196699e+06	1	9.923422e-02	0	1.000001e+00	1.000000e-01	2909632847	9.014737e-06	
6.276101e+06	1	9.948814e-02	0	1.000001e+00	1.000000e-01	127	1.097976e-05	
6.373166e+06	0	2.034747e-05	66	2.800000e-08	1.097976e-05	1026028388	9.652485e-06	
6.398907e+06	1	1.046918e-05	12	7.978231e-07	3.353581e-05	60	1.097976e-05	
6.435881e+06	0	3.836095e-05	12	7.978231e-07	3.353581e-05	3642829293	9.814377e-06	
6.464072e+06	1	9.779701e-02	0	1.000001e+00	1.000000e-01	6	2.441876e-05	
6.468474e+06	2	3.999510e-05	12	9.232012e-07	3.520779e-05	4	2.365517e-05	3375523036	1.400000e-08	772925454	1.406218e-08	2215785330	1.406218e-08	3491092596	1.406218e-08	57770090	1.406218e-08	3071577057	1.406218e-08	1452489764	1.406218e-08	4260098875	1.406218e-08	3696843781	1.406218e-08	2138100036	1.406218e-08	1726701215	1.406218e-08	
6.516426e+06	1	9.940136e-02	0	1.000001e+00	1.000000e-01	4260098875	8.727522e-06	
6.555450e+06	1	9.978693e-02	0	1.000001e+00	1.000000e-01	3696843781	8.727522e-06	
6.558144e+06	4	5.386883e-06	2795063678	2.005934e-08	8.714638e-06	2215785330	8.727522e-06	1412415798	1.400000e-08	
6.558144e+06	4	5.381252e-06	2795063678	2.012152e-08	7.730125e-06	3491092596	8.727522e-06	375852842	1.400000e-08	
6.608957e+06	1	9.953041e-02	0	1.000001e+00	1.000000e-01	1452489764	8.727522e-06	
6.649297e+06	1	9.849359e-02	0	1.000001e+00	1.000000e-01	1128056158	8.751199e-06	
6.656746e+06	1	9.931273e-02	0	1.000002e+00	1.000001e-01	1726701215	8.727522e-06	
6.656876e+06	1	9.994030e-02	0	1.000002e+00	1.000001e-01	3869596591	1.145568e-05	
6.848162e+06	1	9.658409e-02	0	1.000002e+00	1.000001e-01	3642829293	9.814377e-06	
6.855044e+06	1	2.650773e-05	12	9.512012e-07	3.556020e-05	48	1.097976e-05	
7.139034e+06	1	9.796900e-02	0	1.000002e+00	1.000001e-01	95	1.097976e-05	
7.218753e+06	1	9.876718e-02	0	1.000002e+00	1.000001e-01	65	1.133906e-05	
7.238896e+06	1	9.967430e-02	0	1.000002e+00	1.000001e-01	39	1.097976e-05	
7.454706e+06	3	1.039102e-05	3	3.589004e-07	2.569595e-05	3071577057	8.727522e-06	3593732192	1.780796e-08	
7.487525e+06	1	9.878156e-02	0	1.000002e+00	1.000001e-01	78	1.097976e-05	
7.605332e+06	1	9.922311e-02	0	1.000002e+00	1.000001e-01	93	1.097976e-05	
7.623025e+06	1	9.969979e-02	0	1.000002e+00	1.000001e-01	375852842	7.730125e-06	
7.692305e+06	1	9.978447e-02	0	1.000002e+00	1.000001e-01	2211003714	1.256868e-05	
7.743729e+06	0	3.912988e-05	12	9.512012e-07	3.556020e-05	2312786130	9.530644e-06	
8.176053e+06	1	9.885502e-02	0	1.000002e+00	1.000001e-01	76	8.714638e-06	
8.259783e+06	3	1.309818e-05	37	1.400000e-08	8.714638e-06	1634407402	9.441093e-06	3888264012	1.590055e-08	313359544	1.590055e-08	
8.315147e+06	4	4.582261e-06	1218250404	1.400000e-08	8.714638e-06	89	1.097976e-05	217284033	1.438862e-08	2151269300	1.438862e-08	3913511150	1.438862e-08	2962530363	1.438862e-08	2063946235	1.438862e-08	1172086036	1.438862e-08	
8.315147e+06	1	1.971831e-10	2151269300	2.877725e-08	1.108042e-05	217284033	8.794539e-06	
8.315147e+06	1	1.974682e-10	2063946235	2.877725e-08	1.108042e-05	2962530363	8.794539e-06	
8.315147e+06	3	3.520506e-10	2063946235	2.753069e-08	1.091807e-05	2151269300	1.108042e-05	690117576	1.501190e-08	3288380490	1.501190e-08	
8.315147e+06	3	5.631911e-10	1172086036	1.477725e-08	8.714638e-06	3913511150	8.794539e-06	845665321	1.400000e-08	
8.315147e+06	1	3.878795e-10	3288380490	3.002380e-08	1.123816e-05	690117576	8.919733e-06	
8.317677e+06	1	9.998954e-02	0	1.000002e+00	1.000001e-01	3888264012	9.092376e-06	
8.636926e+06	1	9.993473e-02	0	1.000002e+00	1.000001e-01	313359544	9.092376e-06	
8.850897e+06	1	9.973202e-02	0	1.000002e+00	1.000001e-01	51	1.097976e-05	
9.064547e+06	1	9.999376e-02	0	1.000002e+00	1.000001e-01	37	8.714638e-06	
9.203574e+06	1	9.744959e-02	0	1.000002e+00	1.000001e-01	101	1.097976e-05	
9.267080e+06	1	2.250176e-05	1	3.926949e-07	2.647840e-05	36	8.714638e-06	
9.889018e+06	1	9.981610e-02	0	1.000002e+00	1.000001e-01	3593732192	9.442305e-06	
9.992107e+06	1	9.947649e-02	0	1.000002e+00	1.000001e-01	57770090	8.727522e-06	
1.001004e+07	4	6.780141e-06	2063946235	2.753069e-08	8.714638e-06	845665321	8.714638e-06	3122982648	1.400000e-08	
1.005938e+07	1	1.000069e-01	0	1.000002e+00	1.000001e-01	3288380490	1.123816e-05	
1.014395e+07	3	1.271612e-05	3414514926	1.681252e-08	8.714638e-06	1931993247	8.714638e-06	1471982444	1.400000e-08	
1.048144e+07	0	3.725885e-05	2	4.083062e-07	2.682473e-05	72	1.097976e-05	
1.084969e+07	1	9.788511e-02	0	1.000002e+00	1.000001e-01	72	1.097976e-05	
1.088421e+07	3	1.352867e-05	2312786130	2.112498e-08	8.714638e-06	3414514926	8.714638e-06	3303338876	1.400000e-08	
1.110775e+07	1	9.682435e-02	0	1.000002e+00	1.000001e-01	2063946235	8.714638e-06	
1.114985e+07	1	9.987668e-02	0	1.000002e+00	1.000001e-01	64	1.097976e-05	
1.133656e+07	1	9.960810e-02	0	1.000002e+00	1.000001e-01	69	1.097976e-05	
1.134299e+07	0	2.912323e-05	2	4.083062e-07	2.682473e-05	3375523036	8.714638e-06	
1.141721e+07	1	9.986598e-02	0	1.000002e+00	1.000001e-01	3122982648	8.714638e-06	
1.171455e+07	1	9.985463e-02	0	1.000002e+00	1.000001e-01	1412415798	8.714638e-06	
1.227068e+07	4	6.608206e-06	1842102965	1.529836e-08	8.714638e-06	3303338876	8.714638e-06	2875471576	1.400000e-08	
1.238907e+07	1	2.452384e-05	12	9.652012e-07	3.573381e-05	1471982444	8.714638e-06	
1.239640e+07	2	3.851757e-05	2	7.313538e-07	3.257736e-05	1	2.647840e-05	1738909006	1.400000e-08	356405251	1.854908e-08	2879167783	1.854908e-08	3083352544	1.854908e-08	
1.243655e+07	4	2.128147e-06	1842102965	1.529836e-08	8.460781e-06	2875471576	8.714638e-06	4198169764	1.400000e-08	
1.253535e+07	1	9.948903e-02	0	1.000002e+00	1.000001e-01	3	2.569595e-05	
1.300471e+07	4	1.052122e-05	118	1.400000e-08	8.714638e-06	356405251	9.571518e-06	821115011	1.627454e-08	2118016430	1.627454e-08	
1.310816e+07	0	4.498717e-05	12	9.652012e-07	3.573381e-05	1026028388	9.652485e-06	
1.310892e+07	3	1.480093e-05	2	7.237802e-07	3.246451e-05	821115011	9.163110e-06	1945735688	2.384813e-08	
1.330304e+07	1	9.979150e-02	0	1.000002e+00	1.000001e-01	2795063678	7.730125e-06	
1.397381e+07	4	8.709572e-06	1738909006	1.400000e-08	8.714638e-06	118	8.714638e-06	4093093422	1.400000e-08	
1.411855e+07	1	9.995831e-02	0	1.000002e+00	1.000001e-01	1842102965	8.460781e-06	
1.461771e+07	1	9.996903e-02	0	1.000002e+00	1.000001e-01	4093093422	8.714638e-06	
1.489979e+07	1	9.996253e-02	0	1.000003e+00	1.000001e-01	4198169764	8.460781e-06	
1.498270e+07	1	9.931865e-02	0	1.000003e+00	1.000001e-01	2138100036	8.727522e-06	
1.520385e+07	1	3.527347e-05	12	9.837503e-07	3.596127e-05	2879167783	9.571518e-06	
1.615024e+07	1	2.597563e-05	12	1.002774e-06	3.619159e-05	1026028388	9.652485e-06	
1.618590e+07	3	1.254442e-05	2118016430	1.627454e-08	8.714638e-06	1494850122	8.714638e-06	2842015324	1.400000e-08	
1.619535e+07	1	3.069525e-06	2118016430	3.027454e-08	1.071780e-05	2842015324	8.714638e-06	
1.740756e+07	2	2.306029e-05	12	1.009318e-06	3.627015e-05	2312786130	8.714638e-06	1249238030	1.458077e-08	
1.787152e+07	1	4.969421e-06	2	7.377802e-07	3.267250e-05	1218250404	8.714638e-06	
1.905760e+07	1	9.976640e-02	0	1.000003e+00	1.000001e-01	1249238030	8.833513e-06	
1.946401e+07	4	4.053429e-06	70	1.400000e-08	8.714638e-06	53	1.097976e-05	3214077756	1.400000e-08	879162223	1.400000e-08	3884425642	1.400000e-08	
1.964955e+07	1	9.913652e-02	0	1.000003e+00	1.000001e-01	5	3.461897e-05	
2.004065e+07	0	3.817466e-05	2	7.377802e-07	3.267250e-05	772925454	8.727522e-06	
2.004065e+07	1	8.984718e-02	0	1.000003e+00	1.000001e-01	772925454	8.727522e-06	
2.013608e+07	0	1.683860e-05	3083352544	1.854908e-08	9.571518e-06	879162223	8.714638e-06	
2.102640e+07	0	3.751481e-05	2	7.377802e-07	3.267250e-05	879162223	8.714638e-06	
2.133143e+07	4	6.999576e-06	3884425642	1.400000e-08	8.714638e-06	1738909006	8.714638e-06	1149406307	1.400000e-08	
2.174442e+07	1	9.994908e-02	0	1.000003e+00	1.000001e-01	2118016430	1.071780e-05	
2.177336e+07	1	2.855261e-05	2	7.517802e-07	3.287787e-05	1149406307	8.714638e-06	
2.466256e+07	1	9.836737e-02	0	1.000003e+00	1.000001e-01	66	1.097976e-05	
2.723907e+07	1	1.210689e-05	12	1.023318e-06	3.643708e-05	3214077756	8.714638e-06	
2.818711e+07	1	1.948214e-05	2	7.657802e-07	3.308070e-05	70	8.714638e-06	
3.119397e+07	1	1.554423e-05	2	7.797802e-07	3.328108e-05	3884425642	8.714638e-06	
