3.149810e+02	1	1.862359e-05	54	5.600000e-08	1.383363e-05	52	1.097976e-05	
1.357081e+03	1	1.274175e-05	81	5.600000e-08	1.383363e-05	74	1.097976e-05	
4.612138e+03	1	2.723259e-05	7	3.080000e-07	2.441876e-05	78	1.097976e-05	
5.465872e+03	1	3.235962e-05	6	3.080000e-07	2.441876e-05	67	1.097976e-05	
1.331740e+04	0	3.382366e-05	1	2.800000e-07	2.365517e-05	24	1.097976e-05	
1.364603e+04	1	1.952915e-05	6	3.360000e-07	2.513737e-05	71	1.097976e-05	
1.703392e+04	1	2.619593e-05	12	3.080000e-07	2.441876e-05	103	1.097976e-05	
2.857164e+04	1	1.565582e-05	1	3.080000e-07	2.441876e-05	24	1.097976e-05	
3.067271e+04	1	8.433211e-06	11	3.080000e-07	2.441876e-05	104	1.097976e-05	
3.840970e+04	0	1.748045e-05	21	2.800000e-08	1.097976e-05	19	1.097976e-05	
4.015173e+04	1	2.435786e-05	2	3.080000e-07	2.441876e-05	35	1.097976e-05	
4.752585e+04	0	2.177108e-05	79	2.800000e-08	1.097976e-05	72	1.097976e-05	
5.792655e+04	1	2.856388e-05	7	3.360000e-07	2.513737e-05	77	1.097976e-05	
6.481790e+04	1	1.799004e-05	31	5.600000e-08	1.383363e-05	26	1.097976e-05	
7.484614e+04	1	1.203175e-05	3	3.080000e-07	2.441876e-05	46	1.097976e-05	
8.210167e+04	1	1.833819e-05	7	3.640000e-07	2.581708e-05	96	1.097976e-05	
8.358866e+04	1	8.834086e-06	7	3.920000e-07	2.646277e-05	55	1.097976e-05	
9.664361e+04	2	9.326558e-06	17	3.526449e-08	1.185730e-05	16	1.097976e-05	3687573659	2.073551e-08	
1.093069e+05	0	1.670486e-05	31	5.600000e-08	1.383363e-05	22	1.097976e-05	
1.168559e+05	0	3.489834e-05	6	3.360000e-07	2.513737e-05	50	1.097976e-05	
1.383949e+05	0	2.840880e-05	1	3.080000e-07	2.441876e-05	27	1.097976e-05	
1.397826e+05	1	1.194919e-05	9	3.080000e-07	2.441876e-05	105	1.097976e-05	
1.638596e+05	1	8.494726e-06	84	5.600000e-08	1.383363e-05	83	1.097976e-05	
1.709200e+05	0	1.371953e-05	117	2.800000e-08	1.097976e-05	115	1.097976e-05	
1.714876e+05	1	1.595551e-05	5	3.080000e-07	2.441876e-05	76	1.097976e-05	
1.806471e+05	1	1.025080e-05	54	8.400000e-08	1.583555e-05	70	1.097976e-05	
2.068078e+05	2	2.060820e-05	7	6.449571e-07	3.124043e-05	11	2.441876e-05	3196256300	1.834763e-08	848448836	1.834763e-08	2211003714	1.834763e-08	
2.093255e+05	1	3.631039e-05	7	6.633047e-07	3.153390e-05	3196256300	9.536742e-06	
2.096598e+05	0	1.762775e-05	51	2.800000e-08	1.097976e-05	40	1.097976e-05	
2.133294e+05	0	2.050405e-05	51	2.800000e-08	1.097976e-05	42	1.097976e-05	
2.144180e+05	1	1.039526e-05	3	3.360000e-07	2.513737e-05	49	1.097976e-05	
2.194059e+05	0	3.500468e-05	9	3.080000e-07	2.441876e-05	64	1.097976e-05	
2.477654e+05	0	3.368606e-05	1	3.080000e-07	2.441876e-05	29	1.097976e-05	
2.567481e+05	1	1.946909e-05	3	3.640000e-07	2.581708e-05	92	1.097976e-05	
2.910999e+05	0	2.272522e-05	17	3.526449e-08	1.185730e-05	19	1.097976e-05	
3.265726e+05	1	3.084969e-05	7	6.913047e-07	3.197151e-05	80	1.097976e-05	
3.369380e+05	0	1.603142e-05	37	2.800000e-08	1.097976e-05	36	1.097976e-05	
3.790310e+05	1	1.130257e-05	1	3.432645e-07	2.531724e-05	17	1.185730e-05	
3.882095e+05	1	1.542510e-05	5	3.360000e-07	2.513737e-05	87	1.097976e-05	
4.246828e+05	0	3.089084e-05	14	2.800000e-07	2.365517e-05	111	1.097976e-05	
4.920843e+05	0	2.018633e-05	91	2.800000e-08	1.097976e-05	75	1.097976e-05	
4.963306e+05	1	1.819454e-05	9	3.360000e-07	2.513737e-05	47	1.097976e-05	
5.154610e+05	2	7.870941e-06	94	4.166710e-08	1.253539e-05	39	1.097976e-05	2916276788	1.433290e-08	
6.058931e+05	1	1.785125e-05	3	3.920000e-07	2.646277e-05	89	1.097976e-05	
6.798760e+05	0	3.273121e-05	6	3.360000e-07	2.513737e-05	63	1.097976e-05	
7.327030e+05	1	2.729052e-05	1	3.712645e-07	2.598770e-05	29	1.097976e-05	
8.003464e+05	1	1.132301e-05	9	3.640000e-07	2.581708e-05	38	1.097976e-05	
8.534485e+05	0	4.536926e-05	3	3.920000e-07	2.646277e-05	9	2.581708e-05	
8.570548e+05	1	2.986744e-05	7	7.193047e-07	3.239746e-05	68	1.097976e-05	
8.861420e+05	2	3.321156e-06	54	9.365461e-08	1.642037e-05	130	1.097976e-05	3696193412	1.834539e-08	
8.924136e+05	3	6.199733e-06	25	1.694389e-08	9.287049e-06	19	1.097976e-05	15308464	1.952805e-08	1239307652	1.952805e-08	
1.001746e+06	1	1.391214e-05	13	3.080000e-07	2.441876e-05	138	1.097976e-05	
1.045650e+06	1	1.808079e-05	3	4.200000e-07	2.707841e-05	62	1.097976e-05	
1.098221e+06	0	3.227614e-05	9	3.640000e-07	2.581708e-05	22	1.097976e-05	
1.162826e+06	0	1.673564e-05	66	2.800000e-08	1.097976e-05	34	1.097976e-05	
1.192003e+06	1	2.494017e-05	1	3.882084e-07	2.637718e-05	25	9.287049e-06	
1.224001e+06	2	1.519695e-05	2	3.437518e-07	2.532921e-05	31	1.383363e-05	1945448119	2.024823e-08	
1.283452e+06	1	1.258618e-05	1	4.162084e-07	2.699668e-05	37	1.097976e-05	
1.366670e+06	1	1.724953e-05	1	4.369439e-07	2.743775e-05	3687573659	9.933712e-06	
1.379820e+06	0	3.460839e-05	9	3.640000e-07	2.581708e-05	27	1.097976e-05	
1.515397e+06	1	2.489737e-05	2	3.717518e-07	2.599906e-05	23	1.097976e-05	
1.542960e+06	1	4.139499e-05	7	1.139305e-06	3.776475e-05	3	2.707841e-05	
1.590501e+06	0	3.480753e-05	13	3.080000e-07	2.441876e-05	123	1.097976e-05	
1.613633e+06	1	1.766812e-05	2	3.997518e-07	2.663607e-05	30	1.097976e-05	
1.661748e+06	0	3.228664e-05	9	3.640000e-07	2.581708e-05	27	1.097976e-05	
1.679275e+06	1	1.470918e-05	2	4.200000e-07	2.707841e-05	1945448119	9.855281e-06	
1.725103e+06	1	2.715949e-05	14	3.080000e-07	2.441876e-05	151	1.097976e-05	
1.890438e+06	0	4.179111e-05	7	1.139305e-06	3.776475e-05	53	1.097976e-05	
1.925764e+06	1	2.656522e-05	1	4.649439e-07	2.801175e-05	28	1.097976e-05	
2.104471e+06	1	1.516666e-05	7	1.167305e-06	3.807163e-05	44	1.097976e-05	
2.250009e+06	1	1.931878e-05	14	3.360000e-07	2.513737e-05	146	1.097976e-05	
2.281035e+06	0	2.111347e-05	42	2.800000e-08	1.097976e-05	27	1.097976e-05	
2.281474e+06	3	1.311596e-05	81	1.400000e-08	8.714638e-06	72	1.097976e-05	3396227953	1.750000e-08	3321237907	1.750000e-08	3187199216	1.750000e-08	3330100144	1.750000e-08	
2.288223e+06	3	1.126896e-05	20	1.400000e-08	8.714638e-06	1239307652	9.737026e-06	310481256	1.676403e-08	817087088	1.676403e-08	
2.310132e+06	0	2.497340e-05	8	2.800000e-07	2.365517e-05	60	1.097976e-05	
2.313885e+06	2	2.256150e-05	2	4.302177e-07	2.729624e-05	27	1.097976e-05	551137729	1.778234e-08	
2.381489e+06	3	1.284947e-05	18	1.400000e-08	8.714638e-06	310481256	9.254070e-06	1218250404	1.538201e-08	1035956119	1.538201e-08	
2.384175e+06	1	2.284142e-05	2	4.480000e-07	2.766725e-05	551137729	9.437775e-06	
2.413966e+06	3	1.204916e-05	133	1.400000e-08	8.714638e-06	100	1.097976e-05	1211996162	1.400000e-08	188552836	1.400000e-08	2029773149	1.400000e-08	
2.415845e+06	2	2.133487e-05	10	2.906383e-07	2.395104e-05	95	1.097976e-05	302486611	1.736168e-08	
2.460305e+06	1	8.178727e-06	1	4.929439e-07	2.856313e-05	21	1.097976e-05	
2.495554e+06	0	1.505493e-05	69	2.800000e-08	1.097976e-05	53	1.097976e-05	
2.520455e+06	1	2.095321e-05	1	5.124719e-07	2.893544e-05	15308464	9.737026e-06	
2.614666e+06	0	1.983434e-05	84	5.600000e-08	1.383363e-05	3696193412	9.536353e-06	
2.635088e+06	0	2.489812e-05	4	2.800000e-07	2.365517e-05	132	1.097976e-05	
2.691322e+06	0	3.828026e-05	10	2.906383e-07	2.395104e-05	54	1.642037e-05	
2.749569e+06	3	4.154219e-06	94	1.400000e-08	8.714638e-06	141	1.097976e-05	1842102965	1.855570e-08	1285693762	1.855570e-08	1078741991	1.855570e-08	
2.778668e+06	1	2.533457e-05	1	5.264719e-07	2.919656e-05	20	8.714638e-06	
2.823376e+06	1	1.380465e-05	1	5.418540e-07	2.947819e-05	1218250404	8.992444e-06	
2.877977e+06	1	6.054391e-05	7	1.503305e-06	4.142117e-05	5	2.513737e-05	
3.008796e+06	1	9.982576e-02	0	1.000000e+00	1.000000e-01	153	1.097976e-05	
3.187021e+06	2	1.076918e-05	149	3.505243e-08	1.183349e-05	97	1.097976e-05	2723643411	2.094757e-08	
3.324205e+06	0	3.200372e-05	9	3.640000e-07	2.581708e-05	66	1.097976e-05	
3.348991e+06	0	3.867612e-05	1	5.418540e-07	2.947819e-05	817087088	9.254070e-06	
3.406915e+06	0	1.815676e-05	32	2.800000e-08	1.097976e-05	3321237907	9.387559e-06	
3.453582e+06	1	3.154570e-05	7	1.520805e-06	4.158128e-05	3187199216	9.387559e-06	
3.478468e+06	0	3.448575e-05	1	5.418540e-07	2.947819e-05	22	1.097976e-05	
3.659556e+06	3	7.231654e-06	9	3.566757e-07	2.564275e-05	66	1.097976e-05	1804212609	1.766213e-08	438292632	1.766213e-08	
3.755460e+06	0	2.183929e-05	111	2.800000e-08	1.097976e-05	108	1.097976e-05	
3.857467e+06	0	4.059641e-05	12	3.080000e-07	2.441876e-05	10	2.395104e-05	
3.919158e+06	1	2.551903e-05	6	3.536621e-07	2.557032e-05	438292632	9.416460e-06	
3.980872e+06	0	1.851105e-05	65	2.800000e-08	1.097976e-05	61	1.097976e-05	
4.005276e+06	1	2.612192e-05	10	3.186383e-07	2.469672e-05	73	1.097976e-05	
4.023170e+06	0	5.165912e-05	7	1.520805e-06	4.158128e-05	60	1.097976e-05	
4.053887e+06	0	3.165073e-05	1	5.418540e-07	2.947819e-05	817087088	9.254070e-06	
4.094358e+06	3	1.376034e-05	99	1.400000e-08	8.714638e-06	65	1.097976e-05	2001290253	1.400000e-08	3147695692	1.400000e-08	3179285865	1.400000e-08	
4.358772e+06	0	3.838013e-05	1	5.418540e-07	2.947819e-05	15	1.097976e-05	
4.382132e+06	1	1.667926e-05	6	3.676621e-07	2.590337e-05	99	8.714638e-06	
4.491428e+06	0	5.066927e-05	7	1.520805e-06	4.158128e-05	3396227953	9.387559e-06	
4.536778e+06	1	2.306991e-05	1	5.698540e-07	2.997744e-05	15	1.097976e-05	
4.633023e+06	1	2.888310e-05	1	5.838540e-07	3.022095e-05	18	8.714638e-06	
4.671469e+06	3	1.375357e-05	98	1.400000e-08	8.714638e-06	3321237907	9.387559e-06	2173231515	1.575000e-08	740082705	1.575000e-08	
4.767767e+06	2	5.233195e-06	8	3.426830e-07	2.530293e-05	54	1.642037e-05	2795063678	1.548579e-08	3642829293	1.548579e-08	
4.819129e+06	3	1.151021e-05	2723643411	2.094757e-08	8.714638e-06	188552836	8.714638e-06	2707128518	1.400000e-08	
4.866015e+06	1	2.498956e-05	9	3.706757e-07	2.597395e-05	3179285865	8.714638e-06	
4.917141e+06	3	1.587669e-05	51	1.400000e-08	8.714638e-06	22	1.097976e-05	474866315	1.400000e-08	1639799867	1.400000e-08	1026028388	1.400000e-08	
4.963220e+06	4	8.383266e-06	36	1.400000e-08	8.714638e-06	33	1.097976e-05	1128056158	1.400000e-08	2909632847	1.400000e-08	937177227	1.400000e-08	
5.113882e+06	1	2.483136e-05	7	1.548805e-06	4.183492e-05	32	1.097976e-05	
5.177786e+06	1	4.078214e-05	7	1.576805e-06	4.208551e-05	61	1.097976e-05	
5.263044e+06	3	1.336575e-05	1804212609	1.766213e-08	8.714638e-06	474866315	8.714638e-06	3393811039	1.400000e-08	
5.307698e+06	0	3.244004e-05	9	3.706757e-07	2.597395e-05	88	1.097976e-05	
5.536480e+06	1	1.936108e-05	10	3.343883e-07	2.509711e-05	2173231515	9.063589e-06	
5.610514e+06	1	9.508669e-02	0	1.000000e+00	1.000000e-01	132	1.097976e-05	
5.885044e+06	1	2.717895e-05	12	3.640000e-07	2.581708e-05	84	1.383363e-05	
5.976919e+06	0	1.771375e-05	59	2.800000e-08	1.097976e-05	3393811039	8.714638e-06	
6.058939e+06	0	4.878147e-05	9	3.706757e-07	2.597395e-05	6	2.590337e-05	
6.098998e+06	1	5.045712e-05	7	1.944467e-06	4.513085e-05	6	2.590337e-05	
6.110036e+06	1	1.109315e-05	1	5.978540e-07	3.046059e-05	3393811039	8.714638e-06	
6.123636e+06	1	2.846277e-05	1	6.146180e-07	3.074268e-05	817087088	9.254070e-06	
6.186088e+06	0	3.742199e-05	1	6.146180e-07	3.074268e-05	937177227	8.714638e-06	
6.296117e+06	1	3.445666e-05	7	1.972467e-06	4.534644e-05	79	1.097976e-05	
6.366247e+06	1	4.503300e-05	7	2.000467e-06	4.556001e-05	107	1.097976e-05	
6.384740e+06	1	1.413977e-05	7	2.017967e-06	4.569247e-05	3330100144	9.387559e-06	
6.464118e+06	3	1.379347e-05	91	1.400000e-08	8.714638e-06	69	1.097976e-05	611212867	1.400000e-08	1104410542	1.400000e-08	2328232000	1.400000e-08	
6.617207e+06	0	5.378312e-05	7	2.017967e-06	4.569247e-05	112	1.097976e-05	
6.660488e+06	1	2.222507e-05	10	3.483883e-07	2.544258e-05	133	8.714638e-06	
6.755050e+06	0	3.056585e-05	4	2.800000e-07	2.365517e-05	123	1.097976e-05	
7.008087e+06	1	2.916135e-05	1	6.426180e-07	3.120261e-05	34	1.097976e-05	
7.018238e+06	3	8.853114e-06	123	2.587620e-08	1.069482e-05	98	8.714638e-06	2999719241	1.612380e-08	
7.023820e+06	1	2.411583e-05	7	2.045967e-06	4.590284e-05	102	1.097976e-05	
7.044313e+06	3	1.207015e-05	59	1.400000e-08	8.714638e-06	51	8.714638e-06	1931993247	1.400000e-08	1494850122	1.400000e-08	
7.062604e+06	1	1.993712e-05	7	2.073967e-06	4.611129e-05	56	1.097976e-05	
7.088189e+06	0	5.628165e-05	7	2.073967e-06	4.611129e-05	82	1.097976e-05	
7.307814e+06	3	1.776161e-05	53	2.084208e-08	9.950701e-06	42	1.097976e-05	3414514926	1.757896e-08	2312786130	1.757896e-08	
7.391664e+06	0	1.512306e-05	2328232000	1.400000e-08	8.714638e-06	3147695692	8.714638e-06	
7.412823e+06	0	3.059239e-05	2	4.480000e-07	2.766725e-05	48	1.097976e-05	
7.560346e+06	1	2.207962e-05	12	3.898762e-07	2.641490e-05	123	1.069482e-05	
7.793453e+06	0	1.750171e-05	129	2.800000e-08	1.097976e-05	108	1.097976e-05	
7.854830e+06	1	2.760185e-05	1	6.566180e-07	3.142758e-05	1639799867	8.714638e-06	
7.935487e+06	1	9.969907e-02	0	1.000000e+00	1.000000e-01	154	1.097976e-05	
7.937168e+06	4	8.136698e-07	114	1.400000e-08	8.714638e-06	41	1.097976e-05	3537925318	1.400000e-08	1634407402	1.400000e-08	3869596591	1.400000e-08	
7.975129e+06	0	1.669428e-05	3537925318	1.400000e-08	8.714638e-06	1494850122	8.714638e-06	
8.100104e+06	4	8.544597e-06	93	1.400000e-08	8.714638e-06	60	1.097976e-05	3375523036	1.400000e-08	772925454	1.400000e-08	2215785330	1.400000e-08	
8.288786e+06	1	1.309844e-05	1	6.720000e-07	3.167110e-05	1035956119	8.992444e-06	
8.646269e+06	1	2.274089e-05	7	2.087967e-06	4.621481e-05	1931993247	8.714638e-06	
8.870467e+06	0	2.805647e-05	9	3.706757e-07	2.597395e-05	1128056158	8.714638e-06	
9.126493e+06	1	4.437978e-05	7	2.101967e-06	4.631787e-05	3147695692	8.714638e-06	
9.215055e+06	0	3.177443e-05	8	3.426830e-07	2.530293e-05	3414514926	9.401657e-06	
9.315717e+06	0	2.089033e-05	143	2.800000e-08	1.097976e-05	40	1.097976e-05	
9.360311e+06	4	4.170624e-06	120	1.400000e-08	8.714638e-06	2211003714	9.536742e-06	3491092596	1.617382e-08	57770090	1.617382e-08	
9.360701e+06	1	1.946196e-05	2	4.620000e-07	2.795250e-05	2328232000	8.714638e-06	
9.409331e+06	0	2.939753e-05	12	3.898762e-07	2.641490e-05	145	1.097976e-05	
9.410010e+06	1	2.722308e-05	8	6.226830e-07	3.087657e-05	4	2.365517e-05	
9.568317e+06	1	4.043743e-05	7	2.137019e-06	4.657392e-05	149	1.183349e-05	
1.000947e+07	2	2.323180e-05	10	3.608487e-07	2.574236e-05	108	1.097976e-05	3071577057	1.553964e-08	
1.039558e+07	0	3.897083e-05	1	6.720000e-07	3.167110e-05	937177227	8.714638e-06	
1.043318e+07	0	1.402171e-05	3869596591	1.400000e-08	8.714638e-06	93	8.714638e-06	
1.048265e+07	1	3.544616e-05	7	2.151019e-06	4.667541e-05	81	8.714638e-06	
1.073007e+07	3	2.022910e-05	12	3.832796e-07	2.626507e-05	82	1.097976e-05	1452489764	1.729831e-08	4260098875	1.729831e-08	
1.074962e+07	1	1.237228e-05	12	4.112796e-07	2.688969e-05	111	1.097976e-05	
1.089359e+07	1	1.416659e-05	10	3.748487e-07	2.607106e-05	93	8.714638e-06	
1.141070e+07	1	3.645161e-05	7	2.179019e-06	4.687706e-05	124	1.097976e-05	
1.151572e+07	0	3.789517e-05	8	6.226830e-07	3.087657e-05	2215785330	8.714638e-06	
1.211907e+07	0	2.690177e-05	10	3.748487e-07	2.607106e-05	120	8.714638e-06	
1.240790e+07	1	9.880873e-02	0	1.000000e+00	1.000000e-01	106	1.097976e-05	
1.247482e+07	1	9.222649e-06	1	6.860000e-07	3.188952e-05	2909632847	8.714638e-06	
1.250167e+07	0	1.700522e-05	3491092596	1.617382e-08	9.144168e-06	772925454	8.714638e-06	
1.261914e+07	1	3.124369e-05	14	6.440000e-07	3.122496e-05	13	2.441876e-05	
1.271489e+07	1	1.773958e-05	12	4.392796e-07	2.748656e-05	129	1.097976e-05	
1.351085e+07	1	2.234072e-05	7	2.193019e-06	4.697724e-05	3869596591	8.714638e-06	
1.359514e+07	0	5.701043e-05	7	2.193019e-06	4.697724e-05	50	1.097976e-05	
1.376855e+07	3	1.417942e-05	48	2.653161e-08	9.404015e-06	2999719241	9.134731e-06	3696843781	1.759219e-08	
1.381101e+07	0	4.811859e-05	7	2.193019e-06	4.697724e-05	3414514926	9.401657e-06	
1.448772e+07	0	2.042212e-05	115	2.800000e-08	1.097976e-05	113	1.097976e-05	
1.452562e+07	1	1.356603e-05	12	4.672796e-07	2.805857e-05	126	1.097976e-05	
1.506194e+07	1	1.463723e-05	2	4.900000e-07	2.850616e-05	63	1.097976e-05	
1.553343e+07	3	8.910732e-06	1804212609	1.983594e-08	8.065124e-06	3491092596	9.144168e-06	2138100036	1.400000e-08	
1.559398e+07	0	3.552468e-05	2	4.900000e-07	2.850616e-05	2138100036	8.065124e-06	
1.585971e+07	3	2.306902e-05	9	3.695426e-07	2.594746e-05	1634407402	8.714638e-06	1726701215	1.513311e-08	
1.607567e+07	1	2.072879e-05	10	3.924409e-07	2.647269e-05	3696843781	9.404015e-06	
1.608492e+07	1	2.824991e-05	1	7.058359e-07	3.219397e-05	1804212609	8.065124e-06	
1.611535e+07	1	9.829370e-02	0	1.000000e+00	1.000000e-01	40	1.097976e-05	
1.612302e+07	1	9.939095e-02	0	1.000000e+00	1.000000e-01	152	1.097976e-05	
1.613664e+07	1	9.979114e-02	0	1.000000e+00	1.000000e-01	2916276788	8.783172e-06	
1.636388e+07	1	2.252740e-05	2	5.040000e-07	2.877510e-05	1026028388	8.714638e-06	
1.638173e+07	1	1.000030e-01	0	1.000000e+00	1.000000e-01	1128056158	8.714638e-06	
1.640214e+07	0	1.666377e-05	740082705	1.575000e-08	9.063589e-06	114	8.714638e-06	
1.656420e+07	1	9.743577e-02	0	1.000000e+00	1.000000e-01	86	1.097976e-05	
1.670989e+07	1	9.765631e-02	0	1.000000e+00	1.000000e-01	110	1.097976e-05	
1.705198e+07	0	3.147952e-05	12	4.672796e-07	2.805857e-05	1078741991	9.572656e-06	
1.737701e+07	1	3.716031e-05	7	2.221019e-06	4.717633e-05	88	1.097976e-05	
1.743962e+07	4	5.670003e-06	140	1.400000e-08	8.714638e-06	109	1.097976e-05	1412415798	1.400000e-08	375852842	1.400000e-08	3593732192	1.400000e-08	
1.744123e+07	2	4.023264e-05	7	2.550434e-06	4.940202e-05	10	2.647269e-05	3888264012	1.575661e-08	313359544	1.575661e-08	217284033	1.575661e-08	2151269300	1.575661e-08	
1.750865e+07	0	1.780103e-05	48	2.653161e-08	9.404015e-06	772925454	8.714638e-06	
1.765162e+07	1	9.904714e-02	0	1.000000e+00	1.000000e-01	3414514926	9.401657e-06	
1.788510e+07	0	2.018810e-05	128	2.800000e-08	1.097976e-05	45	1.097976e-05	
1.795546e+07	1	9.960377e-02	0	1.000000e+00	1.000000e-01	1285693762	9.572656e-06	
1.814117e+07	3	1.408404e-05	134	2.366828e-08	9.533983e-06	1104410542	8.714638e-06	3913511150	1.833172e-08	
1.855861e+07	1	9.976106e-02	0	1.000000e+00	1.000000e-01	144	1.097976e-05	
1.872187e+07	1	6.012592e-05	7	3.017713e-06	5.225157e-05	12	2.805857e-05	
1.920350e+07	1	9.991561e-02	0	1.000000e+00	1.000000e-01	112	1.097976e-05	
1.980214e+07	4	3.501816e-06	131	1.400000e-08	8.714638e-06	1452489764	9.351356e-06	2962530363	1.564916e-08	2063946235	1.564916e-08	
1.987490e+07	1	1.000005e-01	0	1.000000e+00	1.000000e-01	36	8.714638e-06	
1.987579e+07	0	1.260297e-05	2029773149	1.400000e-08	8.714638e-06	1211996162	8.714638e-06	
1.990694e+07	1	9.873033e-02	0	1.000000e+00	1.000000e-01	3642829293	9.012621e-06	
2.013488e+07	2	6.327188e-07	1	7.187429e-07	3.238902e-05	101	1.097976e-05	1172086036	1.509306e-08	
2.022493e+07	1	1.603732e-05	1	7.338359e-07	3.261417e-05	1172086036	8.935779e-06	
2.034988e+07	4	9.083794e-06	113	1.400000e-08	8.714638e-06	2312786130	9.401657e-06	690117576	1.578948e-08	3288380490	1.578948e-08	
2.046820e+07	0	4.238498e-05	2	5.040000e-07	2.877510e-05	9	2.594746e-05	
2.050100e+07	3	8.865173e-06	690117576	1.578948e-08	8.714638e-06	3375523036	8.714638e-06	845665321	1.400000e-08	
2.104352e+07	1	9.885456e-02	0	1.000000e+00	1.000000e-01	50	1.097976e-05	
2.118925e+07	1	1.861422e-05	8	6.412387e-07	3.118027e-05	1078741991	9.572656e-06	
2.123995e+07	0	3.485643e-05	1	7.338359e-07	3.261417e-05	1726701215	8.943677e-06	
2.157919e+07	0	3.262600e-05	2	5.040000e-07	2.877510e-05	2029773149	8.714638e-06	
2.206075e+07	1	9.886016e-02	0	1.000000e+00	1.000000e-01	4260098875	9.351356e-06	
2.318871e+07	1	2.554987e-05	14	6.580000e-07	3.144961e-05	113	8.714638e-06	
2.358715e+07	1	5.430813e-05	1	1.103379e-06	3.736355e-05	9	2.594746e-05	
2.423222e+07	1	9.968315e-02	0	1.000000e+00	1.000000e-01	2138100036	8.065124e-06	
2.441422e+07	1	9.877140e-02	0	1.000000e+00	1.000000e-01	2707128518	8.714638e-06	
2.464884e+07	1	9.971182e-02	0	1.000000e+00	1.000000e-01	91	8.714638e-06	
2.469181e+07	1	3.001938e-05	8	6.568879e-07	3.143188e-05	2962530363	9.044203e-06	
2.475311e+07	0	1.665176e-05	115	2.800000e-08	1.097976e-05	43	1.097976e-05	
2.484873e+07	0	3.780706e-05	1	1.103379e-06	3.736355e-05	94	8.714638e-06	
2.534083e+07	1	2.839079e-05	8	6.848879e-07	3.187228e-05	122	1.097976e-05	
2.541358e+07	0	1.585155e-05	64	2.800000e-08	1.097976e-05	313359544	9.064856e-06	
2.590922e+07	1	1.000027e-01	0	1.000000e+00	1.000000e-01	937177227	8.714638e-06	
2.672787e+07	0	6.035527e-05	7	3.017713e-06	5.225157e-05	3593732192	8.714638e-06	
2.686431e+07	3	1.125682e-05	137	1.400000e-08	8.714638e-06	1211996162	8.714638e-06	3122982648	1.400000e-08	1471982444	1.400000e-08	
2.843648e+07	0	6.075350e-05	7	3.017713e-06	5.225157e-05	114	8.714638e-06	
2.852070e+07	1	5.862199e-06	7	3.036045e-06	5.235716e-05	3913511150	9.533983e-06	
2.911806e+07	1	2.282322e-05	7	3.064045e-06	5.251762e-05	115	1.097976e-05	
2.927364e+07	1	9.974374e-02	0	1.000000e+00	1.000000e-01	772925454	8.714638e-06	
2.930158e+07	1	2.382265e-05	1	1.119135e-06	3.754057e-05	2151269300	9.064856e-06	
3.046674e+07	4	2.129656e-06	75	1.400000e-08	8.714638e-06	217284033	9.064856e-06	3303338876	1.487830e-08	2875471576	1.487830e-08	
3.128246e+07	3	1.174475e-05	3396227953	1.750000e-08	8.714638e-06	3537925318	8.714638e-06	1738909006	1.400000e-08	
3.187757e+07	1	1.014645e-05	1	1.133135e-06	3.769646e-05	114	8.714638e-06	
3.187813e+07	1	9.931940e-02	0	1.000001e+00	1.000000e-01	90	1.097976e-05	
3.226152e+07	1	9.858258e-02	0	1.000001e+00	1.000000e-01	85	1.097976e-05	
3.244270e+07	1	9.913658e-02	0	1.000001e+00	1.000000e-01	848448836	9.536742e-06	
3.246571e+07	0	1.320192e-05	3071577057	1.553964e-08	9.023055e-06	59	8.714638e-06	
3.297553e+07	0	1.718955e-05	143	2.800000e-08	1.097976e-05	3303338876	8.893195e-06	
3.399709e+07	1	5.156707e-05	7	3.092045e-06	5.267711e-05	121	1.097976e-05	
3.434245e+07	1	2.161526e-05	1	1.148268e-06	3.786353e-05	1726701215	8.943677e-06	
3.471828e+07	1	4.709526e-05	7	3.120045e-06	5.283564e-05	116	1.097976e-05	
3.496134e+07	1	9.797140e-02	0	1.000001e+00	1.000000e-01	119	1.097976e-05	
3.502333e+07	0	4.282120e-05	1	1.148268e-06	3.786353e-05	137	8.714638e-06	
3.688710e+07	1	3.018854e-05	7	3.134045e-06	5.291455e-05	131	8.714638e-06	
3.753294e+07	1	9.920413e-02	0	1.000001e+00	1.000000e-01	134	9.533983e-06	
3.800800e+07	0	1.747061e-05	64	2.800000e-08	1.097976e-05	3396227953	8.714638e-06	
3.856192e+07	0	5.979592e-05	7	3.134045e-06	5.291455e-05	3288380490	9.071156e-06	
4.023746e+07	1	9.987560e-02	0	1.000001e+00	1.000000e-01	57770090	9.144168e-06	
4.057764e+07	1	9.492958e-02	0	1.000001e+00	1.000000e-01	59	8.714638e-06	
4.077399e+07	1	9.983427e-02	0	1.000001e+00	1.000000e-01	140	8.714638e-06	
4.150780e+07	1	9.953609e-02	0	1.000001e+00	1.000000e-01	3303338876	8.893195e-06	
4.174036e+07	1	9.936816e-02	0	1.000001e+00	1.000000e-01	1412415798	8.714638e-06	
4.219698e+07	1	9.965320e-02	0	1.000001e+00	1.000000e-01	3288380490	9.071156e-06	
4.342900e+07	1	1.000083e-01	0	1.000001e+00	1.000000e-01	45	1.097976e-05	
4.346573e+07	1	9.914078e-02	0	1.000001e+00	1.000000e-01	128	1.097976e-05	
4.471369e+07	0	6.034551e-05	7	3.134045e-06	5.291455e-05	1471982444	8.714638e-06	
4.544845e+07	0	3.558573e-05	14	6.580000e-07	3.144961e-05	117	1.097976e-05	
4.567467e+07	3	1.536642e-05	125	1.400000e-08	8.714638e-06	3888264012	9.064856e-06	356405251	1.487830e-08	2879167783	1.487830e-08	
4.758853e+07	1	2.862741e-05	7	3.148045e-06	5.299322e-05	125	8.714638e-06	
4.767165e+07	1	4.903269e-05	7	3.165545e-06	5.309124e-05	3396227953	8.714638e-06	
4.810558e+07	1	9.875465e-02	0	1.000001e+00	1.000000e-01	2215785330	8.714638e-06	
4.820057e+07	1	1.786614e-05	2	5.180000e-07	2.903911e-05	1471982444	8.714638e-06	
4.868123e+07	1	2.775524e-05	14	6.860000e-07	3.188952e-05	127	1.097976e-05	
4.888584e+07	1	9.844009e-02	0	1.000001e+00	1.000000e-01	1494850122	8.714638e-06	
5.044877e+07	1	3.376531e-05	7	3.180423e-06	5.317428e-05	356405251	8.893195e-06	
5.085112e+07	1	9.830664e-02	0	1.000001e+00	1.000000e-01	375852842	8.714638e-06	
5.122116e+07	1	9.814486e-02	0	1.000001e+00	1.000000e-01	147	1.097976e-05	
5.146554e+07	1	9.969456e-02	0	1.000001e+00	1.000000e-01	118	1.097976e-05	
5.260268e+07	1	9.977463e-02	0	1.000001e+00	1.000000e-01	3071577057	9.023055e-06	
5.774119e+07	1	9.996810e-02	0	1.000001e+00	1.000000e-01	145	1.097976e-05	
5.891760e+07	1	2.828270e-05	2	5.336492e-07	2.932864e-05	2063946235	9.044203e-06	
5.970629e+07	1	5.025530e-05	7	3.206955e-06	5.332174e-05	48	9.404015e-06	
6.125375e+07	1	9.999489e-02	0	1.000001e+00	1.000000e-01	64	1.097976e-05	
6.322627e+07	1	9.592219e-02	0	1.000001e+00	1.000000e-01	135	1.097976e-05	
6.463499e+07	1	9.990812e-02	0	1.000001e+00	1.000000e-01	143	1.097976e-05	
6.730152e+07	1	9.973338e-02	0	1.000001e+00	1.000000e-01	611212867	8.714638e-06	
6.804195e+07	1	4.903988e-05	7	3.222705e-06	5.340889e-05	740082705	9.063589e-06	
6.990234e+07	0	5.965057e-05	7	3.222705e-06	5.340889e-05	75	8.714638e-06	
7.381031e+07	1	9.964047e-02	0	1.000001e+00	1.000000e-01	148	1.097976e-05	
7.578142e+07	1	4.205321e-05	7	3.237583e-06	5.349095e-05	2875471576	8.893195e-06	
7.746649e+07	1	9.927547e-02	0	1.000001e+00	1.000000e-01	53	9.950701e-06	
7.874135e+07	1	3.420550e-05	7	3.251583e-06	5.356794e-05	75	8.714638e-06	
7.938255e+07	1	3.571344e-05	7	3.265583e-06	5.364471e-05	1738909006	8.714638e-06	
8.195857e+07	1	9.931872e-02	0	1.000001e+00	1.000000e-01	845665321	8.714638e-06	
8.262598e+07	1	2.613907e-05	7	3.279583e-06	5.372126e-05	3122982648	8.714638e-06	
8.732140e+07	1	9.826678e-02	0	1.000001e+00	1.000000e-01	3593732192	8.714638e-06	
9.586149e+07	1	9.996350e-02	0	1.000001e+00	1.000000e-01	2029773149	8.714638e-06	
9.858974e+07	0	6.307427e-05	7	3.279583e-06	5.372126e-05	1842102965	9.572656e-06	
9.874640e+07	1	5.065797e-05	7	3.298139e-06	5.382239e-05	1842102965	9.572656e-06	
1.030088e+08	1	9.965798e-02	0	1.000001e+00	1.000000e-01	313359544	9.064856e-06	
1.130153e+08	0	4.105211e-05	8	6.848879e-07	3.187228e-05	57	1.097976e-05	
1.157528e+08	1	9.991468e-02	0	1.000001e+00	1.000000e-01	2795063678	9.012621e-06	
1.199798e+08	1	9.884297e-02	0	1.000001e+00	1.000000e-01	43	1.097976e-05	
1.250501e+08	1	4.456746e-05	7	3.312139e-06	5.389844e-05	94	8.714638e-06	
1.292911e+08	1	9.899121e-02	0	1.000001e+00	1.000000e-01	137	8.714638e-06	
1.338423e+08	1	3.719493e-05	7	3.340139e-06	5.404989e-05	142	1.097976e-05	
1.388448e+08	1	9.961654e-02	0	1.000001e+00	1.000000e-01	2879167783	8.893195e-06	
1.409542e+08	1	9.916200e-02	0	1.000001e+00	1.000000e-01	150	1.097976e-05	
1.490210e+08	1	1.000038e-01	0	1.000001e+00	1.000000e-01	136	1.097976e-05	
1.671811e+08	1	9.970238e-02	0	1.000001e+00	1.000000e-01	2001290253	8.714638e-06	
1.683230e+08	2	2.932229e-05	1	1.494476e-06	4.133992e-05	2	2.932864e-05	3083352544	1.441859e-08	4198169764	1.441859e-08	821115011	1.441859e-08	2118016430	1.441859e-08	1945735688	1.441859e-08	4093093422	1.441859e-08	2842015324	1.441859e-08	1249238030	1.441859e-08	3214077756	1.441859e-08	879162223	1.441859e-08	3884425642	1.441859e-08	1149406307	1.441859e-08	3528332227	1.441859e-08	
1.683230e+08	1	2.790494e-05	1	1.508894e-06	4.147244e-05	1249238030	8.800640e-06	
1.683262e+08	1	4.568155e-05	1	1.523313e-06	4.160412e-05	1149406307	8.800640e-06	
1.683272e+08	1	3.640312e-05	1	1.537732e-06	4.173498e-05	1945735688	8.800640e-06	
1.683301e+08	1	4.298253e-05	1	1.552150e-06	4.186501e-05	821115011	8.800640e-06	
1.683575e+08	1	3.397850e-05	1	1.566569e-06	4.199425e-05	4198169764	8.800640e-06	
1.683605e+08	1	4.117773e-05	1	1.580987e-06	4.212269e-05	2118016430	8.800640e-06	
1.683833e+08	1	4.259649e-05	1	1.595406e-06	4.225036e-05	3528332227	8.800640e-06	
1.686448e+08	0	4.650182e-05	1	1.595406e-06	4.225036e-05	3884425642	8.800640e-06	
1.687905e+08	1	4.231511e-05	1	1.609825e-06	4.237726e-05	3214077756	8.800640e-06	
1.688377e+08	0	4.788279e-05	1	1.609825e-06	4.237726e-05	2842015324	8.800640e-06	
1.688519e+08	1	1.361089e-05	1	1.624243e-06	4.250340e-05	879162223	8.800640e-06	
1.688527e+08	1	3.285196e-05	1	1.638662e-06	4.262880e-05	2842015324	8.800640e-06	
1.693048e+08	0	4.675183e-05	1	1.638662e-06	4.262880e-05	3884425642	8.800640e-06	
1.694122e+08	0	6.257745e-05	7	3.340139e-06	5.404989e-05	3884425642	8.800640e-06	
1.713542e+08	1	3.626342e-05	1	1.653080e-06	4.275347e-05	4093093422	8.800640e-06	
1.713669e+08	1	3.368246e-05	1	1.667499e-06	4.287741e-05	3884425642	8.800640e-06	
1.728256e+08	0	5.566639e-05	7	3.340139e-06	5.404989e-05	3083352544	8.800640e-06	
1.866811e+08	1	9.974011e-02	0	1.000001e+00	1.000000e-01	3083352544	8.800640e-06	
1.910039e+08	1	2.571859e-05	7	3.368139e-06	5.420051e-05	57	1.097976e-05	
1.974376e+08	1	3.022944e-05	1	1.688446e-06	4.305621e-05	2723643411	8.714638e-06	
2.044564e+08	1	4.792279e-05	14	1.370888e-06	4.016742e-05	8	3.187228e-05	
