2.823337e+02	1	1.378858e-05	6	3.080000e-07	2.441876e-05	70	1.097976e-05	
2.561628e+03	2	2.004835e-05	12	5.195618e-07	2.906826e-05	11	2.365517e-05	3687573659	2.021908e-08	3196256300	2.021908e-08	
6.099933e+03	1	3.141692e-05	3	3.080000e-07	2.441876e-05	46	1.097976e-05	
8.410329e+03	1	1.817796e-05	20	5.600000e-08	1.383363e-05	18	1.097976e-05	
1.011171e+04	1	2.726522e-05	3	3.360000e-07	2.513737e-05	40	1.097976e-05	
1.517997e+04	1	3.748089e-06	5	3.080000e-07	2.441876e-05	78	1.097976e-05	
1.658394e+04	1	3.138048e-05	2	3.080000e-07	2.441876e-05	34	1.097976e-05	
2.517705e+04	1	2.526165e-05	3	3.640000e-07	2.581708e-05	53	1.097976e-05	
2.966134e+04	1	2.707867e-05	1	3.080000e-07	2.441876e-05	22	1.097976e-05	
2.971703e+04	1	2.256231e-05	1	3.360000e-07	2.513737e-05	26	1.097976e-05	
3.420302e+04	1	3.356089e-05	9	3.080000e-07	2.441876e-05	91	1.097976e-05	
4.295134e+04	0	2.954994e-05	3	3.640000e-07	2.581708e-05	49	1.097976e-05	
5.191456e+04	1	2.534899e-05	1	3.640000e-07	2.581708e-05	19	1.097976e-05	
5.705301e+04	1	1.935247e-05	12	5.475618e-07	2.958133e-05	103	1.097976e-05	
6.456904e+04	0	3.255176e-05	4	2.800000e-07	2.365517e-05	74	1.097976e-05	
6.728832e+04	1	1.026298e-05	29	5.600000e-08	1.383363e-05	28	1.097976e-05	
7.558948e+04	1	3.116396e-05	13	3.080000e-07	2.441876e-05	120	1.097976e-05	
7.795244e+04	1	1.554971e-05	12	5.755618e-07	3.007720e-05	85	1.097976e-05	
8.704465e+04	1	4.117583e-06	4	3.080000e-07	2.441876e-05	75	1.097976e-05	
9.780347e+04	0	2.137541e-05	31	2.800000e-08	1.097976e-05	23	1.097976e-05	
1.081053e+05	1	1.876470e-05	29	8.400000e-08	1.583555e-05	31	1.097976e-05	
1.311560e+05	1	2.717316e-05	10	3.080000e-07	2.441876e-05	93	1.097976e-05	
1.377828e+05	1	7.051171e-06	115	4.821908e-08	1.316072e-05	3687573659	9.850550e-06	
1.473801e+05	1	4.130096e-06	21	5.600000e-08	1.383363e-05	17	1.097976e-05	
1.669866e+05	1	1.052062e-05	98	5.600000e-08	1.383363e-05	68	1.097976e-05	
1.687294e+05	0	1.988950e-05	20	5.600000e-08	1.383363e-05	24	1.097976e-05	
1.691650e+05	1	4.064048e-05	12	8.555618e-07	3.432605e-05	8	2.365517e-05	
1.707429e+05	3	7.468745e-06	90	1.400000e-08	8.714638e-06	83	1.097976e-05	848448836	1.400000e-08	2211003714	1.400000e-08	2916276788	1.400000e-08	
1.773871e+05	0	1.806309e-05	144	2.800000e-08	1.097976e-05	143	1.097976e-05	
2.055624e+05	3	8.408887e-06	69	1.400000e-08	8.714638e-06	47	1.097976e-05	3696193412	1.400000e-08	15308464	1.400000e-08	1239307652	1.400000e-08	
2.183298e+05	1	5.385077e-06	141	5.600000e-08	1.383363e-05	125	1.097976e-05	
2.274887e+05	1	1.261625e-05	12	8.835618e-07	3.469650e-05	88	1.097976e-05	
2.663487e+05	0	2.360738e-05	20	5.600000e-08	1.383363e-05	35	1.097976e-05	
2.722752e+05	0	3.444211e-05	1	3.640000e-07	2.581708e-05	23	1.097976e-05	
3.070352e+05	1	1.859330e-05	1	3.920000e-07	2.646277e-05	23	1.097976e-05	
4.145741e+05	1	1.968541e-05	7	3.080000e-07	2.441876e-05	61	1.097976e-05	
4.390240e+05	1	2.292334e-05	9	3.360000e-07	2.513737e-05	106	1.097976e-05	
4.507480e+05	0	3.209644e-05	7	3.080000e-07	2.441876e-05	69	8.714638e-06	
4.651541e+05	1	1.662600e-05	3	3.920000e-07	2.646277e-05	58	1.097976e-05	
4.988469e+05	1	1.548430e-05	4	3.220000e-07	2.478327e-05	3696193412	8.714638e-06	
5.895501e+05	1	2.159246e-05	7	3.360000e-07	2.513737e-05	48	1.097976e-05	
6.232971e+05	1	9.986018e-02	0	1.000000e+00	1.000000e-01	151	1.097976e-05	
8.811077e+05	0	2.563738e-05	29	8.400000e-08	1.583555e-05	15	1.097976e-05	
9.147189e+05	1	4.611513e-05	7	6.440000e-07	3.122496e-05	5	2.441876e-05	
9.335410e+05	1	2.491472e-05	7	6.580000e-07	3.144961e-05	15308464	8.714638e-06	
9.454021e+05	0	3.435531e-05	2	3.080000e-07	2.441876e-05	25	1.097976e-05	
9.484575e+05	0	3.451418e-05	7	6.580000e-07	3.144961e-05	66	1.097976e-05	
9.788327e+05	0	1.280635e-05	101	2.800000e-08	1.097976e-05	80	1.097976e-05	
1.004065e+06	0	2.108295e-05	102	2.800000e-08	1.097976e-05	42	1.097976e-05	
1.010549e+06	2	1.107142e-05	1	4.301745e-07	2.729532e-05	20	1.383363e-05	1945448119	1.782552e-08	
1.148175e+06	0	1.121435e-05	52	2.800000e-08	1.097976e-05	39	1.097976e-05	
1.149237e+06	0	1.480212e-05	64	2.800000e-08	1.097976e-05	56	1.097976e-05	
1.158275e+06	4	9.597793e-06	21	1.400000e-08	8.714638e-06	16	1.097976e-05	3396227953	1.750000e-08	3321237907	1.750000e-08	3187199216	1.750000e-08	3330100144	1.750000e-08	
1.167137e+06	0	2.156055e-05	42	2.800000e-08	1.097976e-05	37	1.097976e-05	
1.205189e+06	0	3.065462e-05	3	3.920000e-07	2.646277e-05	43	1.097976e-05	
1.234712e+06	1	2.210019e-05	12	9.115618e-07	3.505920e-05	107	1.097976e-05	
1.260350e+06	1	5.572115e-05	12	1.219562e-06	3.863147e-05	10	2.441876e-05	
1.262089e+06	1	2.286810e-05	12	1.247562e-06	3.892489e-05	114	1.097976e-05	
1.264045e+06	4	1.039277e-05	66	1.400000e-08	8.714638e-06	2916276788	8.714638e-06	310481256	1.400000e-08	817087088	1.400000e-08	
1.286380e+06	3	1.847121e-05	29	8.019732e-08	1.559289e-05	3187199216	9.387559e-06	551137729	2.130268e-08	
1.321115e+06	1	2.698488e-05	7	6.720000e-07	3.167110e-05	2211003714	8.714638e-06	
1.372203e+06	1	1.345216e-05	12	1.275562e-06	3.921394e-05	39	1.097976e-05	
1.384263e+06	0	1.880175e-05	15	2.800000e-08	1.097976e-05	3321237907	9.387559e-06	
1.395169e+06	0	1.967766e-05	134	2.800000e-08	1.097976e-05	110	1.097976e-05	
1.412034e+06	1	3.234009e-05	12	1.303562e-06	3.949880e-05	59	1.097976e-05	
1.446858e+06	1	3.423205e-05	12	1.331562e-06	3.977960e-05	73	1.097976e-05	
1.590982e+06	0	3.645675e-05	3	3.920000e-07	2.646277e-05	55	1.097976e-05	
1.660239e+06	0	3.828815e-05	7	6.720000e-07	3.167110e-05	60	1.097976e-05	
1.676154e+06	0	3.093926e-05	2	3.080000e-07	2.441876e-05	1945448119	9.445408e-06	
1.810756e+06	0	1.434178e-05	110	2.800000e-08	1.097976e-05	101	1.097976e-05	
1.843865e+06	3	1.251531e-05	60	1.609768e-08	9.129796e-06	57	1.097976e-05	1218250404	1.995116e-08	1035956119	1.995116e-08	
1.854603e+06	3	9.092511e-06	81	1.400000e-08	8.714638e-06	1035956119	9.806847e-06	1211996162	1.697558e-08	188552836	1.697558e-08	
1.868847e+06	0	1.975287e-05	87	2.800000e-08	1.097976e-05	52	1.097976e-05	
1.943307e+06	1	4.240681e-05	12	1.653562e-06	4.275762e-05	4	2.478327e-05	
1.969950e+06	3	8.180280e-06	1218250404	1.995116e-08	8.714638e-06	817087088	8.714638e-06	2029773149	1.400000e-08	
1.970710e+06	0	2.492153e-05	29	8.019732e-08	1.559289e-05	27	1.097976e-05	
2.176933e+06	3	1.107040e-05	109	1.400000e-08	8.714638e-06	56	1.097976e-05	302486611	1.400000e-08	1842102965	1.400000e-08	1285693762	1.400000e-08	
2.192888e+06	1	2.168405e-05	14	3.080000e-07	2.441876e-05	108	1.097976e-05	
2.444353e+06	0	1.588624e-05	67	2.800000e-08	1.097976e-05	1239307652	8.714638e-06	
2.452811e+06	1	1.175856e-05	141	8.400000e-08	1.583555e-05	145	1.097976e-05	
2.482308e+06	0	2.574299e-05	13	3.080000e-07	2.441876e-05	118	1.097976e-05	
2.518582e+06	0	2.710226e-05	9	3.360000e-07	2.513737e-05	71	1.097976e-05	
2.531989e+06	1	3.180875e-05	7	1.064000e-06	3.691367e-05	3	2.646277e-05	
2.548986e+06	0	1.755932e-05	32	2.800000e-08	1.097976e-05	551137729	1.002347e-05	
2.561315e+06	3	1.160763e-05	41	1.400000e-08	8.714638e-06	36	1.097976e-05	1078741991	1.400000e-08	2723643411	1.400000e-08	1804212609	1.400000e-08	
2.576655e+06	0	1.993814e-05	102	2.800000e-08	1.097976e-05	80	1.097976e-05	
2.612975e+06	2	1.112258e-05	551137729	2.512820e-08	8.714638e-06	1945448119	9.445408e-06	438292632	1.400000e-08	
2.642615e+06	4	6.310647e-06	25	1.400000e-08	8.714638e-06	41	8.714638e-06	2001290253	1.400000e-08	3147695692	1.400000e-08	
2.741362e+06	3	1.338737e-05	110	2.544425e-08	1.063498e-05	33	1.097976e-05	3179285865	1.527787e-08	2173231515	1.527787e-08	
2.750685e+06	2	4.912385e-06	55	2.921021e-08	1.113572e-05	188552836	9.292835e-06	740082705	1.576537e-08	
2.789477e+06	0	1.982399e-05	35	2.800000e-08	1.097976e-05	32	1.097976e-05	
2.807387e+06	0	1.247974e-05	38	2.800000e-08	1.097976e-05	25	8.714638e-06	
2.855841e+06	3	1.320710e-05	72	1.521555e-08	8.959887e-06	3196256300	9.850550e-06	2795063678	1.650177e-08	3642829293	1.650177e-08	
2.922286e+06	1	1.733336e-05	2	3.220000e-07	2.478327e-05	3147695692	8.714638e-06	
2.947897e+06	0	3.816021e-05	7	1.064000e-06	3.691367e-05	302486611	8.714638e-06	
3.008545e+06	0	2.971183e-05	13	3.080000e-07	2.441876e-05	95	1.097976e-05	
3.066785e+06	1	8.088660e-06	2	3.360000e-07	2.513737e-05	25	8.714638e-06	
3.097237e+06	0	2.283887e-05	141	8.400000e-08	1.583555e-05	76	1.097976e-05	
3.177959e+06	4	9.907283e-06	82	1.400000e-08	8.714638e-06	51	1.097976e-05	2707128518	1.400000e-08	474866315	1.400000e-08	1639799867	1.400000e-08	
3.218910e+06	3	1.159650e-05	2173231515	1.655575e-08	8.714638e-06	3179285865	8.972104e-06	1026028388	1.400000e-08	
3.244412e+06	3	1.195882e-05	35	1.400000e-08	8.714638e-06	438292632	8.714638e-06	1128056158	1.400000e-08	2909632847	1.400000e-08	
3.328241e+06	1	1.211265e-05	1	4.581745e-07	2.787513e-05	27	1.097976e-05	
3.346580e+06	0	3.069374e-05	1	4.581745e-07	2.787513e-05	32	1.097976e-05	
3.357511e+06	1	2.373097e-05	7	1.083951e-06	3.714297e-05	1218250404	8.714638e-06	
3.376948e+06	0	9.779697e-06	2909632847	1.400000e-08	8.714638e-06	1128056158	8.714638e-06	
3.428165e+06	4	6.279578e-06	1078741991	1.400000e-08	8.714638e-06	1842102965	8.714638e-06	937177227	1.400000e-08	
3.435638e+06	0	1.359232e-05	937177227	1.400000e-08	8.714638e-06	1078741991	8.714638e-06	
3.472290e+06	1	6.861504e-06	7	1.097951e-06	3.730219e-05	474866315	8.714638e-06	
3.562840e+06	1	2.741054e-05	1	4.721745e-07	2.815621e-05	35	8.714638e-06	
3.584388e+06	2	1.568572e-05	1	4.848264e-07	2.840548e-05	24	1.097976e-05	3393811039	1.534811e-08	
3.592853e+06	1	2.427626e-05	1	5.001745e-07	2.870211e-05	3393811039	8.985832e-06	
3.629421e+06	1	2.645129e-05	1	5.176745e-07	2.903302e-05	3330100144	9.387559e-06	
3.659380e+06	1	2.203515e-05	13	3.360000e-07	2.513737e-05	121	1.097976e-05	
3.788797e+06	0	3.879105e-05	7	1.097951e-06	3.730219e-05	32	1.097976e-05	
3.797985e+06	0	3.266403e-05	1	5.176745e-07	2.903302e-05	21	8.714638e-06	
3.890369e+06	0	4.207695e-05	7	1.097951e-06	3.730219e-05	110	1.063498e-05	
3.905304e+06	4	8.516272e-06	740082705	1.576537e-08	8.714638e-06	1078741991	8.714638e-06	611212867	1.400000e-08	
3.987669e+06	1	1.655252e-05	14	3.640000e-07	2.581708e-05	98	1.383363e-05	
4.051509e+06	3	1.144977e-05	80	1.400000e-08	8.714638e-06	81	8.714638e-06	1104410542	1.400000e-08	2328232000	1.400000e-08	
4.073213e+06	1	2.139238e-05	7	1.111951e-06	3.746007e-05	937177227	8.714638e-06	
4.169714e+06	3	8.110707e-06	42	1.400000e-08	8.714638e-06	38	1.097976e-05	2999719241	1.400000e-08	1931993247	1.400000e-08	1494850122	1.400000e-08	
4.281695e+06	4	4.291406e-06	45	1.400000e-08	8.714638e-06	32	1.097976e-05	3414514926	1.400000e-08	2312786130	1.400000e-08	3537925318	1.400000e-08	
4.306988e+06	4	4.952221e-06	551137729	2.512820e-08	7.170866e-06	2999719241	8.714638e-06	1634407402	1.400000e-08	
4.313329e+06	0	1.399028e-05	2328232000	1.400000e-08	8.714638e-06	66	8.714638e-06	
4.335080e+06	1	4.496400e-05	12	1.989562e-06	4.547707e-05	13	2.513737e-05	
4.348291e+06	1	2.340692e-05	1	5.316745e-07	2.929242e-05	1128056158	8.714638e-06	
4.396706e+06	1	1.826090e-05	12	2.017562e-06	4.568942e-05	92	1.097976e-05	
4.412574e+06	3	1.417307e-05	29	1.400000e-08	8.714638e-06	3321237907	9.387559e-06	3869596591	1.673946e-08	3375523036	1.673946e-08	772925454	1.673946e-08	2215785330	1.673946e-08	3491092596	1.673946e-08	
4.438555e+06	0	1.488239e-05	3491092596	1.673946e-08	9.249548e-06	29	8.714638e-06	
4.635837e+06	0	9.228837e-06	2909632847	1.400000e-08	8.714638e-06	42	8.714638e-06	
4.715921e+06	0	1.884752e-05	15	2.800000e-08	1.097976e-05	29	8.714638e-06	
4.788361e+06	4	3.977343e-06	116	1.400000e-08	8.714638e-06	97	1.097976e-05	57770090	1.400000e-08	3071577057	1.400000e-08	1452489764	1.400000e-08	
4.809988e+06	1	2.672029e-05	7	1.125951e-06	3.761663e-05	1931993247	8.714638e-06	
4.961856e+06	0	1.482841e-05	30	2.800000e-08	1.097976e-05	740082705	8.714638e-06	
4.989488e+06	0	1.551978e-05	43	2.800000e-08	1.097976e-05	1239307652	8.714638e-06	
4.992949e+06	1	8.613898e-06	6	3.220000e-07	2.478327e-05	1452489764	8.714638e-06	
5.072929e+06	0	3.364532e-05	2	3.360000e-07	2.513737e-05	42	8.714638e-06	
5.129623e+06	0	4.557688e-05	7	1.125951e-06	3.761663e-05	67	1.097976e-05	
5.154288e+06	0	1.739188e-05	45	1.400000e-08	8.714638e-06	42	8.714638e-06	
5.184033e+06	0	1.603877e-05	49	2.800000e-08	1.097976e-05	42	8.714638e-06	
5.202754e+06	1	2.342453e-05	7	1.139951e-06	3.777189e-05	611212867	8.714638e-06	
5.410833e+06	1	1.833298e-05	7	1.167951e-06	3.807865e-05	87	1.097976e-05	
5.414453e+06	4	8.202662e-06	3491092596	1.947893e-08	8.714638e-06	2215785330	9.249548e-06	4260098875	1.400000e-08	
5.447390e+06	3	1.020926e-05	772925454	1.673946e-08	8.714638e-06	4260098875	8.714638e-06	3696843781	1.400000e-08	
5.451556e+06	0	1.222016e-05	3491092596	1.947893e-08	8.714638e-06	3696843781	8.714638e-06	
5.464619e+06	1	2.387189e-05	1	5.456745e-07	2.954731e-05	21	8.714638e-06	
5.497136e+06	1	9.914253e-02	0	1.000000e+00	1.000000e-01	135	1.097976e-05	
5.497648e+06	1	4.603580e-05	12	2.031562e-06	4.579485e-05	848448836	8.714638e-06	
5.539057e+06	1	1.882498e-05	7	1.195951e-06	3.838055e-05	30	1.097976e-05	
5.591112e+06	3	9.343428e-06	102	2.245844e-08	1.020156e-05	1634407402	7.170866e-06	2138100036	1.954156e-08	
5.887848e+06	1	1.005371e-05	1	5.624139e-07	2.984641e-05	3869596591	9.249548e-06	
5.996310e+06	1	9.986432e-02	0	1.000000e+00	1.000000e-01	154	1.097976e-05	
6.035276e+06	0	1.726532e-05	3537925318	1.400000e-08	8.714638e-06	2312786130	8.714638e-06	
6.045914e+06	1	2.961095e-05	1	5.904139e-07	3.033371e-05	49	1.097976e-05	
6.116802e+06	1	1.872450e-05	1	6.044139e-07	3.057160e-05	29	8.714638e-06	
6.422571e+06	1	2.233471e-05	7	1.215493e-06	3.858846e-05	2138100036	9.739271e-06	
6.607671e+06	3	1.543490e-05	15	2.767459e-08	9.445389e-06	3396227953	9.387559e-06	1726701215	1.782541e-08	
6.641698e+06	1	8.960544e-06	15	4.550000e-08	1.114799e-05	1726701215	9.445389e-06	
6.669989e+06	3	1.175096e-05	95	1.400000e-08	8.714638e-06	310481256	8.714638e-06	1412415798	1.400000e-08	375852842	1.400000e-08	
6.715693e+06	4	6.735162e-06	117	1.400000e-08	8.714638e-06	2909632847	8.714638e-06	3593732192	1.400000e-08	3888264012	1.400000e-08	
6.890284e+06	1	3.315913e-05	7	1.232468e-06	3.876727e-05	1211996162	9.292835e-06	
7.109604e+06	1	9.940790e-02	0	1.000000e+00	1.000000e-01	153	1.097976e-05	
7.852119e+06	0	9.246048e-06	3593732192	1.400000e-08	8.714638e-06	80	8.714638e-06	
7.951423e+06	1	1.939992e-05	12	2.045562e-06	4.589981e-05	42	8.714638e-06	
7.981093e+06	0	2.792272e-05	14	3.640000e-07	2.581708e-05	60	9.129796e-06	
8.044437e+06	0	4.528580e-05	7	1.232468e-06	3.876727e-05	3888264012	8.714638e-06	
8.173627e+06	0	1.602155e-05	15	4.550000e-08	1.114799e-05	3491092596	8.714638e-06	
8.197815e+06	1	4.146065e-05	12	2.059562e-06	4.600428e-05	1412415798	8.714638e-06	
8.263572e+06	0	2.132218e-05	101	2.800000e-08	1.097976e-05	67	1.097976e-05	
8.860309e+06	1	3.416245e-05	12	2.073562e-06	4.610829e-05	109	8.714638e-06	
8.982728e+06	0	1.287908e-05	2312786130	1.400000e-08	8.714638e-06	82	8.714638e-06	
9.036709e+06	2	2.551967e-06	2	3.402504e-07	2.524292e-05	74	1.097976e-05	313359544	2.374961e-08	
9.478121e+06	1	9.418665e-06	2	3.542504e-07	2.558449e-05	3537925318	8.714638e-06	
9.489901e+06	1	3.412738e-05	12	2.088777e-06	4.622079e-05	72	8.959887e-06	
9.849627e+06	0	3.389350e-05	1	6.044139e-07	3.057160e-05	3696843781	8.714638e-06	
9.877657e+06	3	1.139606e-05	37	1.400000e-08	8.714638e-06	117	8.714638e-06	217284033	1.400000e-08	2151269300	1.400000e-08	
9.934909e+06	0	4.388407e-05	7	1.232468e-06	3.876727e-05	71	1.097976e-05	
9.995621e+06	3	1.739210e-05	143	1.400000e-08	8.714638e-06	129	1.097976e-05	3913511150	1.400000e-08	2962530363	1.400000e-08	2063946235	1.400000e-08	
1.000024e+07	1	1.876516e-05	7	1.246468e-06	3.891351e-05	2151269300	8.714638e-06	
1.004392e+07	0	4.479644e-05	7	1.246468e-06	3.891351e-05	37	8.714638e-06	
1.004461e+07	1	3.526341e-05	7	1.260468e-06	3.905866e-05	37	8.714638e-06	
1.014828e+07	1	2.860818e-05	7	1.274468e-06	3.920273e-05	3593732192	8.714638e-06	
1.026561e+07	3	1.511009e-05	2	3.510785e-07	2.550790e-05	2029773149	8.714638e-06	1172086036	1.717188e-08	
1.030163e+07	0	4.006171e-05	1	6.044139e-07	3.057160e-05	15	1.114799e-05	
1.031092e+07	0	1.315452e-05	217284033	1.400000e-08	8.714638e-06	302486611	8.714638e-06	
1.038219e+07	4	5.305023e-06	772925454	1.947893e-08	8.210662e-06	3375523036	9.249548e-06	690117576	1.400000e-08	
1.044233e+07	0	3.366037e-05	1	6.044139e-07	3.057160e-05	15	1.114799e-05	
1.073534e+07	0	5.395144e-05	12	2.088777e-06	4.622079e-05	3913511150	8.714638e-06	
1.087951e+07	4	7.627464e-06	690117576	1.400000e-08	8.210662e-06	3696843781	8.714638e-06	3288380490	1.400000e-08	
1.090243e+07	0	1.002214e-05	3288380490	1.400000e-08	8.210662e-06	690117576	8.210662e-06	
1.090416e+07	0	1.562805e-05	3288380490	1.400000e-08	8.210662e-06	690117576	8.210662e-06	
1.094956e+07	1	2.072698e-05	12	2.116777e-06	4.642641e-05	54	1.097976e-05	
1.135434e+07	0	1.621938e-05	302486611	1.400000e-08	8.714638e-06	80	8.714638e-06	
1.169991e+07	1	2.658496e-05	1	6.184139e-07	3.080584e-05	80	8.714638e-06	
1.178231e+07	3	1.114193e-05	772925454	1.802763e-08	7.600547e-06	3288380490	8.210662e-06	845665321	1.545130e-08	
1.183681e+07	1	1.193248e-05	772925454	3.347893e-08	9.342343e-06	845665321	7.600547e-06	
1.200807e+07	0	1.724717e-05	772925454	3.347893e-08	9.342343e-06	82	8.714638e-06	
1.208209e+07	1	3.416832e-05	7	1.290234e-06	3.936372e-05	740082705	8.714638e-06	
1.221387e+07	1	1.696005e-05	9	3.640000e-07	2.581708e-05	65	1.097976e-05	
1.263955e+07	0	1.802120e-05	772925454	3.347893e-08	9.342343e-06	82	8.714638e-06	
1.280831e+07	0	4.246179e-05	7	1.290234e-06	3.936372e-05	43	1.097976e-05	
1.296077e+07	1	1.535245e-05	12	2.144777e-06	4.663021e-05	104	1.097976e-05	
1.300671e+07	1	2.670209e-05	1	6.324139e-07	3.103658e-05	690117576	8.210662e-06	
1.345018e+07	1	2.384042e-05	12	2.172777e-06	4.683226e-05	142	1.097976e-05	
1.385461e+07	1	3.294397e-05	12	2.200777e-06	4.703257e-05	105	1.097976e-05	
1.386427e+07	3	1.129214e-05	772925454	1.400000e-08	6.986205e-06	302486611	8.714638e-06	3122982648	1.673946e-08	1471982444	1.673946e-08	
1.404288e+07	0	3.482490e-05	1	6.324139e-07	3.103658e-05	772925454	6.986205e-06	
1.430409e+07	0	4.398049e-05	7	1.290234e-06	3.936372e-05	375852842	8.714638e-06	
1.445558e+07	1	9.937575e-02	0	1.000000e+00	1.000000e-01	3071577057	8.714638e-06	
1.450579e+07	4	3.147505e-06	15	1.400000e-08	7.526079e-06	69	8.714638e-06	3303338876	1.516667e-08	2875471576	1.516667e-08	1738909006	1.516667e-08	
1.452028e+07	0	3.291239e-05	1	6.324139e-07	3.103658e-05	772925454	6.986205e-06	
1.466064e+07	0	3.498483e-05	1	6.324139e-07	3.103658e-05	3122982648	7.415023e-06	
1.499201e+07	0	2.660727e-05	2	3.510785e-07	2.550790e-05	772925454	6.986205e-06	
1.499468e+07	0	1.457963e-05	3122982648	1.673946e-08	7.415023e-06	1738909006	7.729584e-06	
1.502480e+07	0	5.002831e-05	12	2.200777e-06	4.703257e-05	50	1.097976e-05	
1.505038e+07	0	3.430671e-05	1	6.324139e-07	3.103658e-05	3122982648	7.415023e-06	
1.524354e+07	1	1.696588e-05	12	2.217279e-06	4.714983e-05	3642829293	9.205559e-06	
1.551291e+07	1	9.897792e-02	0	1.000000e+00	1.000000e-01	1026028388	8.714638e-06	
1.574800e+07	1	1.000046e-01	0	1.000000e+00	1.000000e-01	3122982648	7.415023e-06	
1.575904e+07	0	3.545105e-05	1	6.324139e-07	3.103658e-05	1471982444	7.415023e-06	
1.588044e+07	1	2.427771e-05	7	1.304234e-06	3.950558e-05	15	7.526079e-06	
1.602577e+07	0	4.066881e-05	7	1.304234e-06	3.950558e-05	551137729	7.170866e-06	
1.606149e+07	4	5.931823e-06	71	1.400000e-08	8.714638e-06	43	1.097976e-05	356405251	1.400000e-08	2879167783	1.400000e-08	3083352544	1.400000e-08	
1.634821e+07	1	3.561017e-05	7	1.319400e-06	3.965813e-05	2875471576	7.729584e-06	
1.636289e+07	4	5.458121e-06	3303338876	1.516667e-08	7.526079e-06	356405251	8.714638e-06	4198169764	1.400000e-08	
1.647841e+07	1	4.339986e-05	12	2.245279e-06	4.734747e-05	67	1.097976e-05	
1.656240e+07	0	4.581372e-05	7	1.319400e-06	3.965813e-05	551137729	7.170866e-06	
1.698767e+07	1	3.800934e-05	12	2.273279e-06	4.754348e-05	76	1.097976e-05	
1.708766e+07	1	9.964859e-02	0	1.000000e+00	1.000000e-01	217284033	8.714638e-06	
1.711515e+07	0	4.676903e-05	7	1.319400e-06	3.965813e-05	66	8.714638e-06	
1.736738e+07	4	4.128921e-06	131	1.400000e-08	8.714638e-06	116	8.714638e-06	821115011	1.400000e-08	2118016430	1.400000e-08	
1.737558e+07	3	9.298039e-06	3303338876	1.516667e-08	7.327931e-06	71	8.714638e-06	1945735688	1.400000e-08	
1.758693e+07	0	4.865469e-05	7	1.319400e-06	3.965813e-05	55	1.113572e-05	
1.763064e+07	1	9.963394e-02	0	1.000000e+00	1.000000e-01	149	1.097976e-05	
1.763425e+07	2	2.256893e-05	1	6.330676e-07	3.104727e-05	2173231515	8.714638e-06	4093093422	1.590212e-08	
1.795402e+07	1	2.470281e-05	1	6.470676e-07	3.127446e-05	82	8.714638e-06	
1.833809e+07	1	2.565875e-05	14	3.780000e-07	2.614391e-05	2962530363	8.714638e-06	
1.881730e+07	1	3.433917e-05	7	1.333400e-06	3.979790e-05	2001290253	8.714638e-06	
1.883507e+07	1	9.880071e-02	0	1.000000e+00	1.000000e-01	90	8.714638e-06	
1.935104e+07	1	1.904864e-05	1	6.610676e-07	3.149841e-05	1945735688	7.327931e-06	
1.936231e+07	1	9.942274e-02	0	1.000000e+00	1.000000e-01	2312786130	8.714638e-06	
1.994801e+07	0	1.504434e-05	3303338876	1.516667e-08	7.327931e-06	2879167783	8.714638e-06	
1.995113e+07	0	3.183024e-05	1	6.610676e-07	3.149841e-05	4093093422	9.092676e-06	
2.006099e+07	1	9.971971e-02	0	1.000000e+00	1.000000e-01	45	8.714638e-06	
2.010166e+07	1	2.063071e-05	1	6.861958e-07	3.189256e-05	551137729	7.170866e-06	
2.014939e+07	3	1.850141e-05	2	3.490665e-07	2.545908e-05	3888264012	8.714638e-06	2842015324	1.601197e-08	
2.045804e+07	1	2.602166e-05	7	1.347400e-06	3.993670e-05	3414514926	8.714638e-06	
2.061469e+07	0	4.820531e-05	12	2.273279e-06	4.754348e-05	111	1.097976e-05	
2.070647e+07	1	4.226246e-05	12	2.289181e-06	4.765408e-05	4093093422	9.092676e-06	
2.101396e+07	1	9.924350e-02	0	1.000000e+00	1.000000e-01	1104410542	8.714638e-06	
2.105223e+07	0	3.549118e-05	9	3.640000e-07	2.581708e-05	115	1.316072e-05	
2.169639e+07	1	2.574229e-05	12	2.317181e-06	4.784758e-05	130	1.097976e-05	
2.180469e+07	1	5.552627e-05	12	2.345181e-06	4.803954e-05	127	1.097976e-05	
2.196392e+07	1	6.577643e-06	7	1.363412e-06	4.009428e-05	2842015324	9.113564e-06	
2.211076e+07	0	1.246486e-05	1471982444	1.673946e-08	7.415023e-06	1738909006	7.729584e-06	
2.305158e+07	0	2.862141e-05	2	3.490665e-07	2.545908e-05	772925454	6.986205e-06	
2.388911e+07	1	2.556391e-05	1	7.029352e-07	3.214981e-05	1471982444	7.415023e-06	
2.481691e+07	0	4.200070e-05	7	1.363412e-06	4.009428e-05	1239307652	8.714638e-06	
2.522280e+07	0	5.674124e-05	12	2.345181e-06	4.803954e-05	55	1.113572e-05	
2.543582e+07	4	7.837163e-06	60	1.726434e-08	8.714638e-06	3303338876	7.327931e-06	1249238030	1.400000e-08	
2.578831e+07	1	9.978787e-02	0	1.000000e+00	1.000000e-01	1239307652	8.714638e-06	
2.597799e+07	1	9.996555e-02	0	1.000000e+00	1.000000e-01	96	1.097976e-05	
2.610800e+07	4	8.362802e-06	118	1.400000e-08	8.714638e-06	131	8.714638e-06	3214077756	1.400000e-08	879162223	1.400000e-08	
2.690259e+07	3	1.547150e-05	137	1.400000e-08	8.714638e-06	3214077756	8.714638e-06	3884425642	1.400000e-08	1149406307	1.400000e-08	
2.787141e+07	1	9.806506e-02	0	1.000000e+00	1.000000e-01	50	1.097976e-05	
2.804540e+07	0	5.115063e-05	12	2.345181e-06	4.803954e-05	124	1.097976e-05	
2.870542e+07	1	2.680352e-05	7	1.377412e-06	4.023105e-05	143	8.714638e-06	
2.906506e+07	1	2.071443e-05	7	1.405412e-06	4.050182e-05	79	1.097976e-05	
3.000850e+07	2	7.111160e-06	7	1.410642e-06	4.055200e-05	111	1.097976e-05	3528332227	2.277050e-08	
3.003960e+07	1	4.129061e-05	7	1.433412e-06	4.076903e-05	3528332227	1.024859e-05	
3.138916e+07	0	2.129083e-05	146	2.800000e-08	1.097976e-05	134	1.097976e-05	
3.155236e+07	0	3.819894e-05	1	7.029352e-07	3.214981e-05	113	1.097976e-05	
3.192222e+07	0	1.935460e-05	99	2.800000e-08	1.097976e-05	66	8.714638e-06	
3.198738e+07	2	1.733586e-05	2	3.535458e-07	2.556752e-05	113	1.097976e-05	4004407106	2.352078e-08	
3.234000e+07	3	1.443613e-05	84	1.400000e-08	8.714638e-06	1172086036	9.328518e-06	451270221	1.558594e-08	3149440925	1.558594e-08	
3.249891e+07	1	3.627510e-05	12	2.360767e-06	4.814572e-05	3149440925	9.032009e-06	
3.276362e+07	1	4.168860e-06	12	2.374767e-06	4.824071e-05	1639799867	8.714638e-06	
3.311848e+07	1	3.021836e-05	7	1.456933e-06	4.099081e-05	4004407106	1.035994e-05	
3.373785e+07	1	3.440027e-06	7	1.472519e-06	4.113647e-05	451270221	9.032009e-06	
3.408881e+07	1	2.495844e-05	2	3.675458e-07	2.590064e-05	1249238030	8.714638e-06	
3.459975e+07	0	3.330681e-05	2	3.675458e-07	2.590064e-05	55	1.113572e-05	
3.467999e+07	0	5.105227e-05	12	2.374767e-06	4.824071e-05	126	1.097976e-05	
3.514754e+07	0	3.665548e-05	2	3.675458e-07	2.590064e-05	55	1.113572e-05	
3.515900e+07	0	4.973540e-05	7	1.472519e-06	4.113647e-05	126	1.097976e-05	
3.543626e+07	1	3.035122e-05	7	1.500519e-06	4.139557e-05	126	1.097976e-05	
3.550250e+07	3	1.350440e-05	55	1.400000e-08	8.714638e-06	3491092596	8.714638e-06	2250775120	1.734457e-08	1130108289	1.734457e-08	
3.680415e+07	0	9.188421e-06	879162223	1.400000e-08	8.714638e-06	66	8.714638e-06	
3.693117e+07	1	1.000081e-01	0	1.000000e+00	1.000000e-01	55	8.714638e-06	
3.696745e+07	1	1.832616e-05	14	3.920000e-07	2.646277e-05	3884425642	8.714638e-06	
3.749214e+07	0	1.599331e-05	3083352544	1.400000e-08	8.714638e-06	1494850122	8.714638e-06	
3.928925e+07	1	9.880003e-02	0	1.000000e+00	1.000000e-01	152	1.097976e-05	
3.930674e+07	1	9.989426e-02	0	1.000000e+00	1.000000e-01	66	8.714638e-06	
3.939161e+07	4	5.375674e-06	1130108289	2.068914e-08	8.714638e-06	2250775120	9.359684e-06	2177968201	1.400000e-08	
4.002038e+07	1	7.490531e-06	7	1.548738e-06	4.183432e-05	115	1.316072e-05	
4.002587e+07	1	2.071232e-05	7	1.562738e-06	4.195999e-05	772925454	6.986205e-06	
4.091419e+07	1	9.649842e-02	0	1.000000e+00	1.000000e-01	134	1.097976e-05	
4.121724e+07	0	1.753792e-05	62	2.800000e-08	1.097976e-05	3913511150	8.714638e-06	
4.159173e+07	2	3.158455e-05	1	7.084244e-07	3.223328e-05	101	1.097976e-05	2914302410	2.251081e-08	
4.167214e+07	1	1.840869e-05	1	7.309352e-07	3.257114e-05	2914302410	1.020948e-05	
4.333291e+07	3	1.448356e-05	110	2.544425e-08	8.714638e-06	2328232000	8.714638e-06	3655816389	1.400000e-08	
4.370152e+07	1	9.946501e-02	0	1.000000e+00	1.000000e-01	2118016430	8.714638e-06	
4.382962e+07	0	3.952022e-05	1	7.309352e-07	3.257114e-05	110	8.714638e-06	
4.389253e+07	1	9.949014e-02	0	1.000000e+00	1.000000e-01	3913511150	8.714638e-06	
4.405917e+07	0	5.457129e-05	12	2.374767e-06	4.824071e-05	118	8.714638e-06	
4.734612e+07	1	9.937922e-02	0	1.000000e+00	1.000000e-01	124	1.097976e-05	
4.754175e+07	0	4.202670e-05	7	1.562738e-06	4.195999e-05	84	8.714638e-06	
4.802164e+07	1	2.339475e-05	12	2.388767e-06	4.833532e-05	1494850122	8.714638e-06	
4.825141e+07	1	9.952602e-02	0	1.000000e+00	1.000000e-01	313359544	1.039343e-05	
4.825588e+07	1	9.931937e-02	0	1.000001e+00	1.000000e-01	1804212609	8.714638e-06	
4.827157e+07	1	9.987828e-02	0	1.000001e+00	1.000000e-01	141	1.583555e-05	
4.933480e+07	3	1.406448e-05	94	1.400000e-08	8.714638e-06	1285693762	8.714638e-06	3485819286	1.400000e-08	1382686479	1.400000e-08	
4.943414e+07	0	1.911175e-05	150	2.800000e-08	1.097976e-05	375852842	8.714638e-06	
4.959118e+07	1	3.392457e-05	7	1.576738e-06	4.208492e-05	84	8.714638e-06	
5.096725e+07	1	9.988334e-02	0	1.000001e+00	1.000000e-01	150	1.097976e-05	
5.190409e+07	1	3.083657e-05	12	2.416767e-06	4.852344e-05	86	1.097976e-05	
5.217263e+07	1	1.000071e-01	0	1.000001e+00	1.000000e-01	2177968201	8.714638e-06	
5.340712e+07	1	9.943215e-02	0	1.000001e+00	1.000000e-01	64	1.097976e-05	
5.353428e+07	1	9.819327e-02	0	1.000001e+00	1.000000e-01	122	1.097976e-05	
5.595151e+07	1	9.999571e-02	0	1.000001e+00	1.000000e-01	3655816389	8.714638e-06	
5.753596e+07	0	1.076867e-05	821115011	1.400000e-08	8.714638e-06	95	8.714638e-06	
5.841702e+07	0	1.421709e-05	57770090	1.400000e-08	8.714638e-06	94	8.714638e-06	
5.883360e+07	1	3.291946e-05	7	1.590738e-06	4.220911e-05	2879167783	8.714638e-06	
5.919130e+07	1	9.969456e-02	0	1.000001e+00	1.000000e-01	94	8.714638e-06	
5.967863e+07	0	5.424277e-05	12	2.416767e-06	4.852344e-05	102	1.020156e-05	
5.971782e+07	1	4.042978e-05	12	2.433269e-06	4.863363e-05	2795063678	9.205559e-06	
6.319213e+07	1	9.950501e-02	0	1.000001e+00	1.000000e-01	137	8.714638e-06	
6.399506e+07	1	3.318592e-05	12	2.461269e-06	4.881947e-05	148	1.097976e-05	
6.533215e+07	1	3.302682e-05	7	1.604738e-06	4.233258e-05	57770090	8.714638e-06	
6.782379e+07	0	5.001447e-05	7	1.604738e-06	4.233258e-05	3083352544	8.714638e-06	
6.948438e+07	1	9.995045e-02	0	1.000001e+00	1.000000e-01	1382686479	8.714638e-06	
6.980255e+07	0	2.782583e-05	9	3.640000e-07	2.581708e-05	100	1.097976e-05	
7.005680e+07	3	2.352223e-05	2	3.518260e-07	2.552599e-05	2723643411	8.714638e-06	1803925302	1.485990e-08	3293059020	1.485990e-08	
7.011681e+07	1	2.387960e-05	2	3.666859e-07	2.588042e-05	1803925302	8.889526e-06	
7.118492e+07	1	2.130053e-05	14	4.200000e-07	2.707841e-05	133	1.097976e-05	
7.301486e+07	1	9.862152e-02	0	1.000001e+00	1.000000e-01	821115011	8.714638e-06	
7.320254e+07	1	9.929831e-02	0	1.000001e+00	1.000000e-01	100	1.097976e-05	
7.421760e+07	2	1.466867e-05	2	3.672582e-07	2.589388e-05	3293059020	8.889526e-06	378125977	1.428758e-08	
7.463858e+07	0	3.264949e-05	1	7.309352e-07	3.257114e-05	378125977	8.773905e-06	
7.466957e+07	1	9.886656e-02	0	1.000001e+00	1.000000e-01	128	1.097976e-05	
7.470075e+07	1	2.476241e-05	7	1.618738e-06	4.245533e-05	3083352544	8.714638e-06	
7.575242e+07	0	4.070914e-05	1	7.309352e-07	3.257114e-05	378125977	8.773905e-06	
7.734662e+07	0	3.949904e-05	1	7.309352e-07	3.257114e-05	378125977	8.773905e-06	
7.768932e+07	1	9.898770e-02	0	1.000001e+00	1.000000e-01	136	1.097976e-05	
