3.301054e+02	1	1.599799e-05	4	3.080000e-07	2.441876e-05	48	1.097976e-05	
3.280770e+03	1	1.329873e-05	4	3.360000e-07	2.513737e-05	50	1.097976e-05	
3.465404e+03	1	6.457315e-06	13	3.080000e-07	2.441876e-05	112	1.097976e-05	
4.386528e+03	1	2.092304e-05	13	3.360000e-07	2.513737e-05	115	1.097976e-05	
7.021949e+03	1	1.208426e-05	13	3.640000e-07	2.581708e-05	113	1.097976e-05	
8.605516e+03	1	1.042832e-05	6	3.080000e-07	2.441876e-05	78	1.097976e-05	
1.484463e+04	1	5.444631e-06	27	5.600000e-08	1.383363e-05	24	1.097976e-05	
3.609129e+04	1	1.750915e-05	4	3.640000e-07	2.581708e-05	43	1.097976e-05	
4.050756e+04	1	1.909273e-05	2	3.080000e-07	2.441876e-05	32	1.097976e-05	
4.419266e+04	1	6.772463e-06	9	3.080000e-07	2.441876e-05	92	1.097976e-05	
6.333753e+04	1	3.360137e-05	12	3.080000e-07	2.441876e-05	108	1.097976e-05	
6.558752e+04	1	1.740781e-05	7	3.080000e-07	2.441876e-05	82	1.097976e-05	
7.216086e+04	1	7.923367e-06	22	5.600000e-08	1.383363e-05	19	1.097976e-05	
1.017842e+05	0	2.909417e-05	4	3.640000e-07	2.581708e-05	44	1.097976e-05	
1.233752e+05	1	9.179234e-06	16	5.600000e-08	1.383363e-05	15	1.097976e-05	
1.247509e+05	1	2.649163e-05	11	3.080000e-07	2.441876e-05	107	1.097976e-05	
1.298240e+05	0	3.286514e-05	1	2.800000e-07	2.365517e-05	23	1.097976e-05	
1.350240e+05	1	1.229933e-05	5	3.080000e-07	2.441876e-05	100	1.097976e-05	
1.358097e+05	1	1.691791e-05	14	3.080000e-07	2.441876e-05	135	1.097976e-05	
1.476338e+05	1	3.032903e-05	2	3.360000e-07	2.513737e-05	33	1.097976e-05	
1.512452e+05	0	1.772813e-05	74	2.800000e-08	1.097976e-05	60	1.097976e-05	
1.535387e+05	1	1.410483e-05	27	8.400000e-08	1.583555e-05	30	1.097976e-05	
1.599782e+05	1	1.152748e-05	14	3.360000e-07	2.513737e-05	109	1.097976e-05	
1.735883e+05	1	3.073021e-05	4	6.440000e-07	3.122496e-05	3	2.365517e-05	
1.936210e+05	1	1.778539e-05	11	3.360000e-07	2.513737e-05	89	1.097976e-05	
1.978435e+05	0	3.089498e-05	5	3.080000e-07	2.441876e-05	88	1.097976e-05	
2.017104e+05	3	1.040559e-05	63	2.153853e-08	1.006033e-05	45	1.097976e-05	3687573659	1.723073e-08	3196256300	1.723073e-08	
2.073742e+05	1	2.243799e-06	27	1.120000e-07	1.742928e-05	25	1.097976e-05	
2.222491e+05	0	2.474447e-05	27	1.120000e-07	1.742928e-05	29	1.097976e-05	
2.318299e+05	1	8.148498e-06	146	5.600000e-08	1.383363e-05	138	1.097976e-05	
2.624142e+05	1	1.139109e-05	6	3.360000e-07	2.513737e-05	79	1.097976e-05	
2.630016e+05	1	3.329263e-05	10	3.080000e-07	2.441876e-05	87	1.097976e-05	
2.776949e+05	0	4.140749e-05	4	6.440000e-07	3.122496e-05	96	1.097976e-05	
2.878148e+05	3	1.246230e-05	93	1.400000e-08	8.714638e-06	67	1.097976e-05	848448836	1.400000e-08	2211003714	1.400000e-08	2916276788	1.400000e-08	
3.303840e+05	1	9.906527e-06	2	3.640000e-07	2.581708e-05	34	1.097976e-05	
3.314064e+05	2	4.466381e-06	28	3.811678e-08	1.216873e-05	21	1.097976e-05	3696193412	1.788322e-08	
3.393317e+05	3	1.095794e-05	77	1.424438e-08	8.765052e-06	61	1.097976e-05	15308464	2.087781e-08	1239307652	2.087781e-08	
3.482366e+05	0	2.161414e-05	27	1.120000e-07	1.742928e-05	23	1.097976e-05	
3.605641e+05	0	3.209397e-05	5	3.080000e-07	2.441876e-05	60	1.097976e-05	
3.997090e+05	1	9.288496e-06	22	8.400000e-08	1.583555e-05	20	1.097976e-05	
4.220798e+05	2	2.551785e-05	4	8.942650e-07	3.483604e-05	9	2.441876e-05	1945448119	1.443376e-08	3396227953	1.443376e-08	3321237907	1.443376e-08	3187199216	1.443376e-08	
4.245204e+05	0	1.761507e-05	68	2.800000e-08	1.097976e-05	64	1.097976e-05	
4.840133e+05	0	1.841229e-05	95	2.800000e-08	1.097976e-05	62	1.097976e-05	
4.912682e+05	1	2.602946e-05	2	3.920000e-07	2.646277e-05	29	1.097976e-05	
5.236809e+05	1	4.774715e-05	6	6.440000e-07	3.122496e-05	12	2.441876e-05	
5.499724e+05	0	2.664553e-05	1	2.800000e-07	2.365517e-05	27	1.742928e-05	
5.854298e+05	0	1.859758e-05	57	2.800000e-08	1.097976e-05	56	1.097976e-05	
6.085978e+05	1	2.392801e-05	4	9.222650e-07	3.519589e-05	55	1.097976e-05	
6.240630e+05	1	1.404168e-05	6	6.720000e-07	3.167110e-05	54	1.097976e-05	
6.717698e+05	0	3.426052e-05	2	3.920000e-07	2.646277e-05	3696193412	9.455589e-06	
6.759888e+05	0	3.517021e-05	2	3.920000e-07	2.646277e-05	3696193412	9.455589e-06	
7.226814e+05	0	3.438421e-05	5	3.080000e-07	2.441876e-05	58	1.097976e-05	
7.435617e+05	0	2.151070e-05	95	2.800000e-08	1.097976e-05	42	1.097976e-05	
7.521425e+05	3	1.169103e-05	51	2.119809e-08	1.000704e-05	63	1.006033e-05	3330100144	1.417022e-08	310481256	1.417022e-08	
7.752183e+05	1	3.063508e-05	5	3.360000e-07	2.513737e-05	46	1.097976e-05	
8.741479e+05	0	2.748785e-05	22	8.400000e-08	1.583555e-05	16	1.383363e-05	
9.316884e+05	3	1.545627e-05	27	6.903795e-08	1.483324e-05	17	1.097976e-05	817087088	1.419241e-08	551137729	1.419241e-08	1218250404	1.419241e-08	1035956119	1.419241e-08	1211996162	1.419241e-08	
9.330803e+05	1	1.264841e-05	152	5.600000e-08	1.383363e-05	140	1.097976e-05	
9.377047e+05	0	3.280045e-05	2	3.920000e-07	2.646277e-05	3696193412	9.455589e-06	
9.431585e+05	1	4.323431e-06	6	7.000000e-07	3.210500e-05	62	1.097976e-05	
9.682478e+05	0	2.583703e-05	22	8.400000e-08	1.583555e-05	27	1.483324e-05	
9.939198e+05	1	3.709560e-05	6	7.280000e-07	3.252748e-05	39	1.097976e-05	
9.975747e+05	4	4.873032e-06	69	1.400000e-08	8.714638e-06	3696193412	9.455589e-06	188552836	1.594161e-08	2029773149	1.594161e-08	
1.000985e+06	0	3.313226e-05	6	7.280000e-07	3.252748e-05	88	1.097976e-05	
1.113666e+06	0	2.300365e-05	27	6.903795e-08	1.483324e-05	18	1.097976e-05	
1.117310e+06	0	1.615183e-05	148	2.800000e-08	1.097976e-05	147	1.097976e-05	
1.123153e+06	1	2.997559e-05	4	9.382066e-07	3.539752e-05	2029773149	9.100196e-06	
1.167934e+06	0	2.911505e-05	13	3.640000e-07	2.581708e-05	42	1.097976e-05	
1.185872e+06	3	1.161487e-05	94	2.131683e-08	1.002569e-05	3321237907	8.803725e-06	302486611	2.111693e-08	
1.195191e+06	0	3.200438e-05	5	3.360000e-07	2.513737e-05	52	1.097976e-05	
1.203069e+06	0	1.415250e-05	111	2.800000e-08	1.097976e-05	97	1.097976e-05	
1.248403e+06	1	3.056542e-05	7	3.360000e-07	2.513737e-05	98	1.097976e-05	
1.268637e+06	1	1.430575e-06	4	9.554373e-07	3.561291e-05	3196256300	9.339162e-06	
1.308779e+06	0	1.869011e-05	28	3.811678e-08	1.216873e-05	26	1.097976e-05	
1.350347e+06	1	4.919115e-05	6	1.064000e-06	3.691367e-05	5	2.513737e-05	
1.390996e+06	1	3.010953e-05	6	1.092000e-06	3.723467e-05	71	1.097976e-05	
1.478180e+06	1	2.242730e-05	6	1.120000e-06	3.755024e-05	74	1.097976e-05	
1.484834e+06	1	4.322075e-05	4	9.763151e-07	3.587044e-05	1239307652	9.956384e-06	
1.552762e+06	2	1.979634e-05	22	8.895965e-08	1.614127e-05	28	1.216873e-05	1842102965	1.400000e-08	1285693762	1.915714e-08	
1.603194e+06	0	4.154314e-05	6	1.120000e-06	3.755024e-05	3687573659	9.339162e-06	
1.612674e+06	0	2.973282e-05	1	2.800000e-07	2.365517e-05	1842102965	8.714638e-06	
1.661555e+06	1	2.029507e-06	1	3.080000e-07	2.441876e-05	18	1.097976e-05	
1.744046e+06	1	3.270755e-05	4	9.903151e-07	3.604108e-05	69	8.714638e-06	
2.011220e+06	0	3.206437e-05	1	3.080000e-07	2.441876e-05	22	1.614127e-05	
2.014490e+06	0	3.781802e-05	4	9.903151e-07	3.604108e-05	58	1.097976e-05	
2.046545e+06	0	1.939644e-05	150	2.800000e-08	1.097976e-05	147	1.097976e-05	
2.060176e+06	0	2.129600e-05	120	2.800000e-08	1.097976e-05	105	1.097976e-05	
2.078552e+06	1	1.458070e-05	22	1.029596e-07	1.694711e-05	1842102965	8.714638e-06	
2.094236e+06	3	1.314000e-05	22	7.433278e-08	1.520315e-05	1218250404	8.754380e-06	1078741991	1.427309e-08	2723643411	1.427309e-08	1804212609	1.427309e-08	
2.094403e+06	0	1.849390e-05	22	7.433278e-08	1.520315e-05	1078741991	8.770938e-06	
2.096468e+06	3	1.495078e-05	22	1.400000e-08	8.714638e-06	551137729	8.754380e-06	438292632	1.490504e-08	2001290253	1.490504e-08	3147695692	1.490504e-08	3179285865	1.490504e-08	2173231515	1.490504e-08	
2.115699e+06	0	1.388740e-05	23	2.800000e-08	1.097976e-05	3179285865	8.898518e-06	
2.132641e+06	0	2.188091e-05	64	2.800000e-08	1.097976e-05	36	1.097976e-05	
2.143820e+06	4	8.240640e-06	42	1.400000e-08	8.714638e-06	188552836	9.100196e-06	740082705	1.497080e-08	2795063678	1.497080e-08	
2.217599e+06	1	1.830351e-05	1	3.271571e-07	2.491488e-05	1285693762	9.674983e-06	
2.315573e+06	0	1.735852e-05	1804212609	1.427309e-08	8.770938e-06	2723643411	8.770938e-06	
2.434712e+06	0	4.026070e-05	6	1.120000e-06	3.755024e-05	15308464	9.956384e-06	
2.437312e+06	0	1.118229e-05	111	2.800000e-08	1.097976e-05	15308464	9.956384e-06	
2.441974e+06	2	2.122046e-05	1	3.645593e-07	2.583030e-05	16	1.383363e-05	3642829293	1.859781e-08	
2.472489e+06	0	1.737290e-05	1804212609	1.427309e-08	8.770938e-06	2723643411	8.770938e-06	
2.485483e+06	1	1.122883e-05	6	1.148000e-06	3.786058e-05	85	1.097976e-05	
2.512887e+06	0	3.251836e-05	1	3.645593e-07	2.583030e-05	23	1.097976e-05	
2.542705e+06	1	1.417954e-05	1	3.831571e-07	2.626227e-05	3642829293	9.579893e-06	
2.546595e+06	1	1.049216e-05	1	3.980622e-07	2.659849e-05	3147695692	8.898518e-06	
2.549767e+06	0	2.938333e-05	1	3.980622e-07	2.659849e-05	23	1.097976e-05	
2.556679e+06	0	1.743696e-05	23	2.800000e-08	1.097976e-05	1078741991	8.770938e-06	
2.705594e+06	0	1.479212e-05	2001290253	1.490504e-08	8.898518e-06	1078741991	8.770938e-06	
3.090653e+06	1	4.387949e-05	6	1.176000e-06	3.816592e-05	117	1.097976e-05	
3.221783e+06	1	2.058441e-05	2	4.062731e-07	2.678013e-05	1078741991	8.770938e-06	
3.282397e+06	3	7.825996e-06	124	1.400000e-08	8.714638e-06	77	8.765052e-06	2707128518	1.412219e-08	474866315	1.412219e-08	
3.333465e+06	3	1.103891e-05	2001290253	1.490504e-08	8.714638e-06	22	8.714638e-06	1639799867	1.400000e-08	
3.370835e+06	0	1.890014e-05	35	2.800000e-08	1.097976e-05	3179285865	8.898518e-06	
3.404497e+06	3	1.370571e-05	35	1.400000e-08	8.714638e-06	3179285865	8.898518e-06	1026028388	1.445252e-08	1128056158	1.445252e-08	
3.496068e+06	4	5.607380e-06	96	1.400000e-08	8.714638e-06	84	1.097976e-05	2909632847	1.400000e-08	937177227	1.400000e-08	3393811039	1.400000e-08	
3.521970e+06	1	2.272646e-05	10	3.360000e-07	2.513737e-05	68	1.097976e-05	
3.589363e+06	0	3.318946e-05	13	3.640000e-07	2.581708e-05	132	1.097976e-05	
3.611186e+06	3	1.163800e-05	47	2.393755e-08	9.487072e-06	2909632847	8.714638e-06	611212867	1.806245e-08	
3.766536e+06	1	1.790897e-05	6	1.204000e-06	3.846646e-05	65	1.097976e-05	
3.790367e+06	0	1.889866e-05	64	2.800000e-08	1.097976e-05	35	8.714638e-06	
3.829633e+06	1	8.544634e-06	2	4.207256e-07	2.709399e-05	1128056158	8.807538e-06	
3.885654e+06	0	4.132802e-05	6	1.204000e-06	3.846646e-05	73	1.097976e-05	
3.887618e+06	1	2.453450e-05	4	1.018315e-06	3.637760e-05	143	1.097976e-05	
3.900853e+06	4	8.116521e-06	60	1.400000e-08	8.714638e-06	38	1.097976e-05	1104410542	1.400000e-08	2328232000	1.400000e-08	2999719241	1.400000e-08	
3.935076e+06	0	3.828509e-05	4	1.018315e-06	3.637760e-05	49	1.097976e-05	
4.034350e+06	1	1.869758e-05	4	1.046315e-06	3.670801e-05	59	1.097976e-05	
4.055259e+06	0	3.375525e-05	1	3.980622e-07	2.659849e-05	70	1.097976e-05	
4.114719e+06	0	1.413842e-05	37	2.800000e-08	1.097976e-05	310481256	8.749816e-06	
4.192955e+06	1	3.587982e-05	6	1.218000e-06	3.861498e-05	96	8.714638e-06	
4.244163e+06	0	1.684177e-05	740082705	1.497080e-08	8.911587e-06	42	8.714638e-06	
4.293798e+06	0	1.775148e-05	27	6.903795e-08	1.483324e-05	817087088	8.754380e-06	
4.297875e+06	3	1.297781e-05	2001290253	1.509745e-08	8.534557e-06	817087088	8.754380e-06	1931993247	1.400000e-08	
4.322733e+06	0	1.128594e-05	2001290253	1.509745e-08	8.534557e-06	1931993247	8.534557e-06	
4.346394e+06	0	3.182105e-05	1	3.980622e-07	2.659849e-05	37	1.097976e-05	
4.499107e+06	0	3.247525e-05	1	3.980622e-07	2.659849e-05	23	1.097976e-05	
4.581022e+06	0	1.811312e-05	49	2.800000e-08	1.097976e-05	3187199216	8.803725e-06	
4.614060e+06	1	2.784182e-05	4	1.060749e-06	3.687603e-05	3187199216	8.803725e-06	
4.632251e+06	0	3.869890e-05	4	1.060749e-06	3.687603e-05	740082705	8.911587e-06	
4.647095e+06	0	3.060537e-05	13	3.640000e-07	2.581708e-05	3393811039	8.714638e-06	
4.665227e+06	0	1.901913e-05	105	2.800000e-08	1.097976e-05	102	1.097976e-05	
4.711238e+06	1	2.417044e-05	2	4.347256e-07	2.739124e-05	60	8.714638e-06	
4.718497e+06	0	1.958467e-05	27	6.903795e-08	1.483324e-05	1931993247	8.534557e-06	
4.731848e+06	1	2.424590e-05	4	1.088749e-06	3.719768e-05	95	1.097976e-05	
4.733496e+06	1	3.518185e-05	6	1.241938e-06	3.886631e-05	47	9.487072e-06	
4.874339e+06	3	1.182755e-05	37	1.400000e-08	8.714638e-06	1035956119	8.754380e-06	1494850122	1.409620e-08	3414514926	1.409620e-08	
4.882665e+06	1	9.952328e-02	0	1.000000e+00	1.000000e-01	153	1.097976e-05	
4.949121e+06	0	2.882106e-05	2	4.347256e-07	2.739124e-05	2328232000	8.714638e-06	
4.967227e+06	0	1.747408e-05	88	2.800000e-08	1.097976e-05	2328232000	8.714638e-06	
4.999938e+06	0	1.739966e-05	1804212609	1.427309e-08	8.770938e-06	1104410542	8.714638e-06	
5.083385e+06	1	5.336645e-06	6	1.269938e-06	3.915622e-05	66	1.097976e-05	
5.105722e+06	3	1.487563e-05	49	2.750761e-08	1.091501e-05	1026028388	8.807538e-06	2312786130	1.494490e-08	
5.198254e+06	0	1.616746e-05	73	2.800000e-08	1.097976e-05	3330100144	8.749816e-06	
5.263975e+06	0	4.342291e-05	4	1.088749e-06	3.719768e-05	3393811039	8.714638e-06	
5.274116e+06	1	2.351515e-05	1	4.121584e-07	2.690882e-05	3414514926	8.734554e-06	
5.299599e+06	0	1.617542e-05	49	2.750761e-08	1.091501e-05	35	8.714638e-06	
5.329861e+06	1	2.651203e-05	4	1.103694e-06	3.736711e-05	2312786130	8.906445e-06	
5.348093e+06	1	1.870871e-05	1	4.262546e-07	2.721216e-05	1494850122	8.734554e-06	
5.455720e+06	1	1.503892e-05	2	4.496306e-07	2.770078e-05	2173231515	8.898518e-06	
5.513831e+06	0	4.749843e-05	4	1.103694e-06	3.736711e-05	64	1.097976e-05	
5.550266e+06	0	3.175690e-05	2	4.496306e-07	2.770078e-05	1931993247	8.534557e-06	
5.725660e+06	1	1.737996e-05	2	4.776306e-07	2.826425e-05	53	1.097976e-05	
5.845662e+06	1	2.883173e-05	6	1.284060e-06	3.930083e-05	2707128518	8.739918e-06	
5.872076e+06	0	3.414279e-05	1	4.262546e-07	2.721216e-05	1804212609	8.770938e-06	
5.940242e+06	0	3.648077e-05	13	3.640000e-07	2.581708e-05	57	1.097976e-05	
5.957194e+06	0	3.339464e-05	1	4.262546e-07	2.721216e-05	1211996162	8.754380e-06	
6.012640e+06	4	8.358937e-06	1945448119	1.470685e-08	8.714638e-06	1804212609	8.770938e-06	3537925318	1.400000e-08	
6.057378e+06	0	4.061426e-05	4	1.103694e-06	3.736711e-05	49	1.091501e-05	
6.165177e+06	0	1.741611e-05	64	2.800000e-08	1.097976e-05	2999719241	8.714638e-06	
6.199429e+06	0	1.771364e-05	121	2.800000e-08	1.097976e-05	119	1.097976e-05	
6.215073e+06	0	2.884223e-05	1	4.262546e-07	2.721216e-05	2723643411	8.770938e-06	
6.470737e+06	0	1.931510e-05	49	2.750761e-08	1.091501e-05	37	8.714638e-06	
6.511596e+06	1	2.675378e-05	1	4.405277e-07	2.751256e-05	2723643411	8.770938e-06	
6.567252e+06	1	3.034798e-05	4	1.131201e-06	3.767500e-05	49	1.091501e-05	
6.597772e+06	1	9.982936e-02	0	1.000000e+00	1.000000e-01	86	1.097976e-05	
6.733504e+06	1	2.013477e-05	6	1.312060e-06	3.958444e-05	56	1.097976e-05	
6.859694e+06	0	4.389675e-05	6	1.312060e-06	3.958444e-05	80	1.097976e-05	
6.869615e+06	0	4.638306e-05	4	1.131201e-06	3.767500e-05	23	1.097976e-05	
6.972759e+06	0	1.875160e-05	70	2.800000e-08	1.097976e-05	1104410542	8.714638e-06	
7.113955e+06	1	1.968274e-05	4	1.159201e-06	3.798332e-05	64	1.097976e-05	
7.144336e+06	0	1.683199e-05	40	2.800000e-08	1.097976e-05	848448836	8.714638e-06	
7.271060e+06	1	2.734240e-05	1	4.552345e-07	2.781538e-05	1945448119	8.714638e-06	
7.384695e+06	3	1.256743e-05	51	2.136831e-08	8.714638e-06	3330100144	8.749816e-06	1634407402	1.400000e-08	
7.414226e+06	3	1.256880e-05	740082705	1.497080e-08	8.714638e-06	3537925318	8.714638e-06	3869596591	1.400000e-08	
7.599823e+06	4	1.023879e-05	81	1.400000e-08	8.714638e-06	26	1.097976e-05	3375523036	1.400000e-08	772925454	1.400000e-08	2215785330	1.400000e-08	
7.617021e+06	1	2.667980e-05	1	4.832345e-07	2.837435e-05	88	1.097976e-05	
7.742937e+06	3	1.430344e-05	72	1.400000e-08	8.714638e-06	57	1.097976e-05	3491092596	1.400000e-08	57770090	1.400000e-08	3071577057	1.400000e-08	
7.767565e+06	1	9.983756e-02	0	1.000000e+00	1.000000e-01	125	1.097976e-05	
7.770969e+06	0	3.425190e-05	1	4.832345e-07	2.837435e-05	27	1.483324e-05	
7.815877e+06	2	2.670002e-05	1	4.957753e-07	2.861772e-05	111	1.097976e-05	1452489764	1.545924e-08	
8.013911e+06	1	2.547058e-05	4	1.173201e-06	3.813562e-05	2215785330	8.714638e-06	
8.042611e+06	0	3.310344e-05	1	4.957753e-07	2.861772e-05	1452489764	9.007468e-06	
8.048540e+06	4	1.023043e-05	134	1.400000e-08	8.714638e-06	80	1.097976e-05	4260098875	1.400000e-08	3696843781	1.400000e-08	2138100036	1.400000e-08	
8.118884e+06	3	1.448989e-05	142	1.400000e-08	8.714638e-06	3687573659	9.339162e-06	1726701215	1.561537e-08	1412415798	1.561537e-08	
8.357514e+06	1	2.535073e-05	1	5.106803e-07	2.890168e-05	438292632	8.898518e-06	
8.381797e+06	1	9.991598e-02	0	1.000000e+00	1.000000e-01	94	1.002569e-05	
8.382705e+06	1	2.474627e-05	1	5.246803e-07	2.916341e-05	37	8.714638e-06	
8.562210e+06	2	2.889937e-05	1	9.033252e-07	3.495329e-05	2	2.826425e-05	375852842	1.414082e-08	3593732192	1.414082e-08	3888264012	1.414082e-08	313359544	1.414082e-08	217284033	1.414082e-08	2151269300	1.414082e-08	3913511150	1.414082e-08	
8.562251e+06	0	3.862557e-05	1	9.033252e-07	3.495329e-05	217284033	8.743759e-06	
8.564130e+06	1	2.463368e-05	4	1.194570e-06	3.836576e-05	51	8.714638e-06	
8.686353e+06	1	3.247899e-05	1	9.174660e-07	3.513473e-05	217284033	8.743759e-06	
8.726266e+06	1	3.758231e-05	1	9.316069e-07	3.531432e-05	3593732192	8.743759e-06	
8.781828e+06	1	3.091260e-05	1	9.457477e-07	3.549211e-05	313359544	8.743759e-06	
8.956439e+06	1	1.808491e-05	1	9.598885e-07	3.566812e-05	3888264012	8.743759e-06	
9.014545e+06	3	1.448035e-05	75	1.400000e-08	8.714638e-06	611212867	9.487072e-06	2962530363	1.603122e-08	2063946235	1.603122e-08	
9.037671e+06	1	1.818938e-05	11	3.500000e-07	2.548176e-05	134	8.714638e-06	
9.065779e+06	1	1.847748e-05	6	1.326060e-06	3.972474e-05	3491092596	8.714638e-06	
9.134832e+06	3	1.911936e-05	27	6.616967e-08	1.462490e-05	3913511150	8.743759e-06	1172086036	1.700911e-08	
9.135454e+06	0	4.585882e-05	4	1.194570e-06	3.836576e-05	132	1.097976e-05	
9.218516e+06	0	1.675994e-05	129	2.800000e-08	1.097976e-05	310481256	8.749816e-06	
9.242243e+06	1	5.162445e-06	1	1.026058e-06	3.646957e-05	27	1.462490e-05	
9.360175e+06	1	2.987655e-05	6	1.340060e-06	3.986405e-05	72	8.714638e-06	
9.360253e+06	0	1.724569e-05	1452489764	1.545924e-08	9.007468e-06	375852842	8.743759e-06	
9.392082e+06	1	9.948888e-02	0	1.000000e+00	1.000000e-01	139	1.097976e-05	
9.485223e+06	0	1.970844e-05	136	2.800000e-08	1.097976e-05	83	1.097976e-05	
9.498521e+06	4	8.331983e-06	154	1.400000e-08	8.714638e-06	147	1.097976e-05	690117576	1.400000e-08	3288380490	1.400000e-08	845665321	1.400000e-08	
9.546922e+06	3	1.275103e-05	132	1.400000e-08	8.714638e-06	2328232000	8.714638e-06	3122982648	1.400000e-08	1471982444	1.400000e-08	
9.743298e+06	1	8.424988e-06	1	1.040058e-06	3.663469e-05	1639799867	8.714638e-06	
9.750522e+06	1	3.383142e-05	4	1.222570e-06	3.866321e-05	129	1.097976e-05	
9.752973e+06	0	2.910279e-05	10	3.360000e-07	2.513737e-05	3071577057	8.714638e-06	
9.852151e+06	1	2.003882e-05	1	1.054058e-06	3.679834e-05	2999719241	8.714638e-06	
9.919916e+06	0	4.026545e-05	4	1.222570e-06	3.866321e-05	70	1.097976e-05	
1.074228e+07	1	2.961927e-05	1	1.068199e-06	3.696216e-05	2151269300	8.743759e-06	
1.079720e+07	0	2.985660e-05	13	3.640000e-07	2.581708e-05	1412415798	9.037689e-06	
1.089299e+07	1	3.848415e-05	4	1.236570e-06	3.881023e-05	4260098875	8.714638e-06	
1.095493e+07	1	2.487818e-05	1	1.089077e-06	3.720142e-05	15308464	9.956384e-06	
1.113938e+07	3	5.179464e-06	41	1.400000e-08	8.714638e-06	40	1.097976e-05	3303338876	1.400000e-08	2875471576	1.400000e-08	1738909006	1.400000e-08	
1.130236e+07	0	1.042386e-05	3303338876	1.400000e-08	8.714638e-06	57770090	8.714638e-06	
1.130721e+07	4	8.542447e-06	136	1.400000e-08	8.714638e-06	3122982648	8.714638e-06	356405251	1.400000e-08	2879167783	1.400000e-08	
1.148087e+07	1	9.952744e-02	0	1.000000e+00	1.000000e-01	150	1.097976e-05	
1.169546e+07	1	3.448152e-05	4	1.251541e-06	3.896622e-05	740082705	8.714638e-06	
1.174756e+07	0	1.810222e-05	83	2.800000e-08	1.097976e-05	75	8.714638e-06	
1.196884e+07	0	3.897147e-05	4	1.251541e-06	3.896622e-05	3393811039	8.714638e-06	
1.208400e+07	4	8.162719e-06	1172086036	1.846835e-08	8.714638e-06	1452489764	9.007468e-06	3083352544	1.400000e-08	
1.225618e+07	1	2.021159e-05	1	1.104174e-06	3.737253e-05	2001290253	8.534557e-06	
1.232020e+07	4	9.684191e-06	23	1.400000e-08	8.714638e-06	35	8.714638e-06	4198169764	1.400000e-08	821115011	1.400000e-08	
1.262760e+07	0	1.616344e-05	83	2.800000e-08	1.097976e-05	36	1.097976e-05	
1.284159e+07	1	2.208255e-05	10	3.640000e-07	2.581708e-05	52	1.097976e-05	
1.288972e+07	1	3.875130e-05	6	1.354060e-06	4.000239e-05	41	8.714638e-06	
1.303217e+07	1	3.441754e-05	1	1.118174e-06	3.752982e-05	1738909006	8.714638e-06	
1.304311e+07	0	3.967040e-05	1	1.118174e-06	3.752982e-05	1172086036	8.714638e-06	
1.336553e+07	0	4.546938e-05	1	1.118174e-06	3.752982e-05	1172086036	8.714638e-06	
1.351686e+07	3	1.735642e-05	146	1.400000e-08	8.714638e-06	1172086036	8.714638e-06	2118016430	1.511709e-08	1945735688	1.511709e-08	4093093422	1.511709e-08	2842015324	1.511709e-08	
1.355274e+07	1	1.524065e-05	1	1.133291e-06	3.769819e-05	2118016430	8.940519e-06	
1.356918e+07	1	2.385861e-05	1	1.148408e-06	3.786507e-05	4093093422	8.940519e-06	
1.368547e+07	0	1.526943e-05	149	2.800000e-08	1.097976e-05	131	1.097976e-05	
1.406558e+07	1	2.200134e-05	1	1.162408e-06	3.801832e-05	4198169764	8.714638e-06	
1.417508e+07	0	1.560387e-05	1471982444	1.400000e-08	8.714638e-06	136	8.714638e-06	
1.428399e+07	1	3.613994e-05	1	1.176408e-06	3.817034e-05	3083352544	8.714638e-06	
1.462627e+07	3	1.575979e-05	36	1.400000e-08	8.714638e-06	1931993247	8.534557e-06	1249238030	1.400000e-08	3214077756	1.400000e-08	
1.465742e+07	1	3.384408e-05	4	1.265541e-06	3.911098e-05	124	8.714638e-06	
1.484306e+07	4	4.557059e-06	1471982444	1.400000e-08	8.714638e-06	36	8.714638e-06	879162223	1.400000e-08	
1.516760e+07	0	1.694777e-05	375852842	1.414082e-08	8.743759e-06	23	8.714638e-06	
1.525152e+07	0	4.644822e-05	1	1.176408e-06	3.817034e-05	879162223	8.714638e-06	
1.528875e+07	1	1.000041e-01	0	1.000000e+00	1.000000e-01	375852842	8.743759e-06	
1.536223e+07	3	1.343190e-05	302486611	2.111693e-08	8.714638e-06	1104410542	8.714638e-06	3884425642	1.400000e-08	
1.540682e+07	0	1.668075e-05	116	2.800000e-08	1.097976e-05	97	1.097976e-05	
1.553467e+07	1	2.067498e-05	6	1.370091e-06	4.015964e-05	2063946235	9.117216e-06	
1.567622e+07	1	9.990285e-02	0	1.000000e+00	1.000000e-01	3396227953	8.803725e-06	
1.574982e+07	0	2.651485e-05	11	3.500000e-07	2.548176e-05	97	1.097976e-05	
1.593335e+07	1	1.983055e-05	6	1.385706e-06	4.031163e-05	1726701215	9.037689e-06	
1.611595e+07	1	9.982790e-02	0	1.000000e+00	1.000000e-01	1412415798	9.037689e-06	
1.648121e+07	1	2.007143e-05	1	1.190408e-06	3.832116e-05	2875471576	8.714638e-06	
1.655210e+07	1	9.916302e-02	0	1.000000e+00	1.000000e-01	120	1.097976e-05	
1.669122e+07	0	3.797645e-05	13	3.640000e-07	2.581708e-05	14	2.513737e-05	
1.691905e+07	1	2.272249e-05	14	3.520312e-07	2.553096e-05	2962530363	9.117216e-06	
1.705425e+07	0	4.601956e-05	1	1.190408e-06	3.832116e-05	58	1.097976e-05	
1.741750e+07	0	1.674824e-05	879162223	1.400000e-08	8.714638e-06	848448836	8.714638e-06	
1.778650e+07	1	9.825754e-02	0	1.000000e+00	1.000000e-01	149	1.097976e-05	
1.816098e+07	0	4.286042e-05	1	1.190408e-06	3.832116e-05	146	8.714638e-06	
1.818073e+07	0	2.771382e-05	11	3.500000e-07	2.548176e-05	131	1.097976e-05	
1.818178e+07	1	3.673020e-05	1	1.204579e-06	3.847262e-05	310481256	8.749816e-06	
1.853928e+07	0	4.313994e-05	1	1.204579e-06	3.847262e-05	3869596591	8.714638e-06	
1.854983e+07	0	4.018792e-05	4	1.265541e-06	3.911098e-05	3884425642	8.714638e-06	
1.863624e+07	1	2.647367e-05	1	1.218579e-06	3.862109e-05	57770090	8.714638e-06	
1.868269e+07	1	2.727975e-05	1	1.232579e-06	3.876843e-05	23	8.714638e-06	
1.899650e+07	1	1.553627e-05	1	1.247696e-06	3.892628e-05	2842015324	8.940519e-06	
1.919305e+07	0	1.709099e-05	2916276788	1.400000e-08	8.714638e-06	848448836	8.714638e-06	
1.936272e+07	0	4.105931e-05	6	1.385706e-06	4.031163e-05	474866315	8.739918e-06	
2.016997e+07	1	3.023178e-05	6	1.399706e-06	4.044694e-05	3869596591	8.714638e-06	
2.017604e+07	0	4.974745e-05	4	1.265541e-06	3.911098e-05	91	1.097976e-05	
2.017750e+07	0	5.118691e-05	6	1.399706e-06	4.044694e-05	14	2.553096e-05	
2.153360e+07	1	1.014336e-05	6	1.414823e-06	4.059203e-05	1945735688	8.940519e-06	
2.170008e+07	1	2.089963e-05	6	1.428823e-06	4.072548e-05	3214077756	8.714638e-06	
2.170333e+07	0	3.547844e-05	14	3.520312e-07	2.553096e-05	97	1.097976e-05	
2.171138e+07	1	9.979897e-02	0	1.000000e+00	1.000000e-01	110	1.097976e-05	
2.208368e+07	4	3.643093e-06	97	1.400000e-08	8.714638e-06	1471982444	8.714638e-06	1149406307	1.400000e-08	3528332227	1.400000e-08	
2.237146e+07	4	3.915773e-06	70	1.400000e-08	8.714638e-06	1211996162	8.754380e-06	4004407106	1.409620e-08	451270221	1.409620e-08	
2.250583e+07	1	3.813160e-05	6	1.442823e-06	4.085806e-05	356405251	8.714638e-06	
2.266880e+07	1	4.850427e-05	6	1.794855e-06	4.394233e-05	14	2.553096e-05	
2.340659e+07	1	6.880644e-06	4	1.279541e-06	3.925467e-05	1634407402	8.714638e-06	
2.358902e+07	1	3.547493e-05	4	1.293541e-06	3.939732e-05	3528332227	8.714638e-06	
2.365520e+07	1	9.140948e-02	0	1.000000e+00	1.000000e-01	3288380490	8.714638e-06	
2.373180e+07	0	3.251062e-05	13	3.640000e-07	2.581708e-05	474866315	8.739918e-06	
2.445271e+07	1	9.950816e-02	0	1.000000e+00	1.000000e-01	3884425642	8.714638e-06	
2.501731e+07	4	5.257346e-06	141	1.400000e-08	8.714638e-06	76	1.097976e-05	3149440925	1.400000e-08	2250775120	1.400000e-08	1130108289	1.400000e-08	
2.504953e+07	1	3.366706e-05	6	1.808855e-06	4.405629e-05	3149440925	8.714638e-06	
2.515470e+07	3	1.377730e-05	83	1.400000e-08	8.714638e-06	474866315	8.739918e-06	2177968201	1.406109e-08	2914302410	1.406109e-08	
2.535586e+07	1	2.028322e-05	1	1.262667e-06	3.908135e-05	2795063678	8.911587e-06	
2.536288e+07	1	2.873841e-05	4	1.307541e-06	3.953894e-05	821115011	8.714638e-06	
2.542575e+07	1	1.000036e-01	0	1.000000e+00	1.000000e-01	1249238030	8.714638e-06	
2.549131e+07	3	2.092547e-05	13	3.618709e-07	2.576665e-05	302486611	8.714638e-06	3655816389	2.324604e-08	
2.589854e+07	2	3.676149e-05	4	1.552529e-06	4.186842e-05	13	2.576665e-05	3485819286	1.461030e-08	1382686479	1.461030e-08	1803925302	1.461030e-08	3293059020	1.461030e-08	378125977	1.461030e-08	2159618959	1.461030e-08	2441325815	1.461030e-08	3401497744	1.461030e-08	
2.591420e+07	1	2.994729e-05	4	1.567139e-06	4.199935e-05	2441325815	8.839473e-06	
2.592001e+07	1	2.597074e-05	4	1.581750e-06	4.212946e-05	1803925302	8.839473e-06	
2.597616e+07	0	4.450352e-05	4	1.581750e-06	4.212946e-05	42	8.714638e-06	
2.630348e+07	1	9.886998e-02	0	1.000000e+00	1.000000e-01	101	1.097976e-05	
2.630378e+07	1	1.044760e-05	4	1.595750e-06	4.225339e-05	132	8.714638e-06	
2.664626e+07	0	5.014623e-05	6	1.808855e-06	4.405629e-05	93	8.714638e-06	
2.670408e+07	1	9.978872e-02	0	1.000000e+00	1.000000e-01	3375523036	8.714638e-06	
2.694382e+07	1	3.803180e-05	6	1.822855e-06	4.416966e-05	42	8.714638e-06	
2.713427e+07	1	1.262382e-05	4	1.610360e-06	4.238196e-05	3401497744	8.839473e-06	
2.739957e+07	1	2.307568e-05	4	1.624970e-06	4.250974e-05	3293059020	8.839473e-06	
2.751084e+07	1	9.711918e-02	0	1.000000e+00	1.000000e-01	154	8.714638e-06	
2.872828e+07	1	1.000043e-01	0	1.000000e+00	1.000000e-01	879162223	8.714638e-06	
2.874199e+07	1	9.993473e-02	0	1.000000e+00	1.000000e-01	145	1.097976e-05	
2.936786e+07	1	3.214739e-05	4	1.639580e-06	4.263677e-05	2159618959	8.839473e-06	
2.943988e+07	3	1.659659e-05	121	1.400000e-08	8.714638e-06	845665321	8.714638e-06	4069401935	1.400000e-08	134948105	1.400000e-08	
2.958589e+07	0	9.322806e-06	2138100036	1.400000e-08	8.714638e-06	141	8.714638e-06	
3.027955e+07	3	1.546373e-05	102	2.342835e-08	9.575397e-06	772925454	8.714638e-06	1998372786	1.857165e-08	
3.076238e+07	1	3.168140e-05	6	1.836916e-06	4.428294e-05	2914302410	8.727296e-06	
3.084486e+07	3	9.083932e-06	8	2.690504e-07	2.334271e-05	141	8.714638e-06	2455922112	2.494956e-08	
3.102514e+07	1	2.779677e-05	4	1.663009e-06	4.283889e-05	102	9.575397e-06	
3.109459e+07	1	3.425797e-05	4	1.677105e-06	4.295959e-05	4004407106	8.734554e-06	
3.140601e+07	0	5.141818e-05	6	1.836916e-06	4.428294e-05	118	1.097976e-05	
3.166455e+07	1	9.947461e-02	0	1.000000e+00	1.000000e-01	70	8.714638e-06	
3.270587e+07	1	9.962892e-02	0	1.000000e+00	1.000000e-01	90	1.097976e-05	
3.285843e+07	1	9.973734e-02	0	1.000001e+00	1.000000e-01	7	2.513737e-05	
3.352470e+07	4	1.508908e-06	83	1.400000e-08	8.714638e-06	81	8.714638e-06	3059103076	1.400000e-08	
3.359386e+07	3	1.483110e-05	58	1.400000e-08	8.714638e-06	848448836	8.714638e-06	432337108	1.400000e-08	1902671923	1.400000e-08	
3.377501e+07	1	9.980384e-02	0	1.000001e+00	1.000000e-01	116	1.097976e-05	
3.473736e+07	1	3.768752e-05	4	1.691105e-06	4.307879e-05	97	8.714638e-06	
3.587819e+07	1	3.938906e-05	4	1.719105e-06	4.331525e-05	106	1.097976e-05	
3.611174e+07	0	5.170756e-05	4	1.719105e-06	4.331525e-05	3059103076	8.714638e-06	
3.632294e+07	1	3.508253e-05	4	1.733166e-06	4.343302e-05	2177968201	8.727296e-06	
3.700982e+07	1	2.933376e-05	6	1.850916e-06	4.439515e-05	146	8.714638e-06	
3.813049e+07	1	9.977658e-02	0	1.000001e+00	1.000000e-01	136	8.714638e-06	
3.834583e+07	1	9.950684e-02	0	1.000001e+00	1.000000e-01	123	1.097976e-05	
3.856988e+07	1	2.024271e-05	4	1.747166e-06	4.354966e-05	2211003714	8.714638e-06	
3.881112e+07	0	5.198922e-05	4	1.747166e-06	4.354966e-05	91	1.097976e-05	
3.931656e+07	1	2.807609e-05	6	1.865012e-06	4.450757e-05	451270221	8.734554e-06	
4.005358e+07	1	1.000047e-01	0	1.000001e+00	1.000000e-01	58	8.714638e-06	
4.032295e+07	1	3.214255e-05	1	1.276667e-06	3.922526e-05	3059103076	8.714638e-06	
4.081698e+07	1	1.000028e-01	0	1.000001e+00	1.000000e-01	1902671923	8.714638e-06	
4.109605e+07	1	9.989050e-02	0	1.000001e+00	1.000000e-01	103	1.097976e-05	
4.131697e+07	0	2.167662e-05	122	2.800000e-08	1.097976e-05	73	1.097976e-05	
4.247680e+07	0	1.792196e-05	44	2.800000e-08	1.097976e-05	3696843781	8.714638e-06	
4.253883e+07	1	1.000005e-01	0	1.000001e+00	1.000000e-01	432337108	8.714638e-06	
4.320894e+07	3	1.824996e-05	148	1.400000e-08	8.714638e-06	126	1.097976e-05	4209590891	1.400000e-08	77395223	1.400000e-08	3592986772	1.400000e-08	
4.343924e+07	1	1.783474e-05	1	1.290667e-06	3.936812e-05	2250775120	8.714638e-06	
4.495183e+07	1	3.780418e-05	4	1.775166e-06	4.378107e-05	73	1.097976e-05	
4.507580e+07	1	2.244867e-05	4	1.789166e-06	4.389586e-05	3071577057	8.714638e-06	
4.560909e+07	4	5.062638e-06	4069401935	1.400000e-08	8.714638e-06	83	8.714638e-06	1246511018	1.400000e-08	
4.612239e+07	1	2.875134e-05	1	1.309238e-06	3.955605e-05	1998372786	9.575397e-06	
4.655598e+07	1	9.998983e-02	0	1.000001e+00	1.000000e-01	114	1.097976e-05	
4.691180e+07	1	9.964163e-02	0	1.000001e+00	1.000000e-01	133	1.097976e-05	
4.980297e+07	0	4.783858e-05	4	1.789166e-06	4.389586e-05	31	1.097976e-05	
5.156400e+07	1	2.392073e-05	4	1.803166e-06	4.401006e-05	93	8.714638e-06	
5.166243e+07	1	3.891245e-05	4	1.817166e-06	4.412366e-05	148	8.714638e-06	
5.299142e+07	3	1.346159e-05	3485819286	1.461030e-08	8.714638e-06	1130108289	8.714638e-06	3986570268	1.400000e-08	
5.384165e+07	0	4.599474e-05	4	1.817166e-06	4.412366e-05	127	1.097976e-05	
5.406979e+07	4	7.342244e-06	127	1.400000e-08	8.714638e-06	77395223	8.714638e-06	174500547	1.400000e-08	4083845756	1.400000e-08	
5.449834e+07	0	4.588536e-05	4	1.817166e-06	4.412366e-05	3986570268	8.714638e-06	
5.488309e+07	0	4.736477e-05	1	1.309238e-06	3.955605e-05	4209590891	8.714638e-06	
5.586800e+07	1	9.990733e-02	0	1.000001e+00	1.000000e-01	3485819286	8.714638e-06	
5.681134e+07	1	3.666618e-05	1	1.323238e-06	3.969654e-05	127	8.714638e-06	
5.693339e+07	1	3.760882e-05	6	1.893012e-06	4.472920e-05	131	1.097976e-05	
5.709929e+07	1	9.996545e-02	0	1.000001e+00	1.000000e-01	2455922112	1.056560e-05	
5.712718e+07	1	1.033242e-05	6	1.907012e-06	4.483920e-05	134948105	8.714638e-06	
5.729341e+07	1	2.235322e-05	1	1.337238e-06	3.983605e-05	121	8.714638e-06	
5.729766e+07	0	1.410031e-05	4083845756	1.400000e-08	8.714638e-06	174500547	8.714638e-06	
5.751108e+07	1	3.342782e-05	1	1.351238e-06	3.997459e-05	174500547	8.714638e-06	
5.775004e+07	1	9.907274e-02	0	1.000001e+00	1.000000e-01	128	1.097976e-05	
5.935224e+07	1	3.967636e-05	1	1.365238e-06	4.011217e-05	937177227	8.714638e-06	
6.098864e+07	0	4.892932e-05	4	1.817166e-06	4.412366e-05	3986570268	8.714638e-06	
6.174453e+07	1	9.965979e-02	0	1.000001e+00	1.000000e-01	1246511018	8.714638e-06	
6.193530e+07	1	4.322491e-05	6	1.935012e-06	4.505758e-05	99	1.097976e-05	
6.231518e+07	1	9.990497e-02	0	1.000001e+00	1.000000e-01	152	1.383363e-05	
6.623634e+07	0	1.591665e-05	130	2.800000e-08	1.097976e-05	3303338876	8.714638e-06	
6.808309e+07	1	9.853369e-02	0	1.000001e+00	1.000000e-01	105	1.097976e-05	
6.855281e+07	0	4.104264e-05	1	1.365238e-06	4.011217e-05	3986570268	8.714638e-06	
7.033358e+07	1	1.000008e-01	0	1.000001e+00	1.000000e-01	3986570268	8.714638e-06	
7.111862e+07	0	3.063270e-05	11	3.500000e-07	2.548176e-05	122	1.097976e-05	
7.198966e+07	0	2.701224e-05	10	3.640000e-07	2.581708e-05	1382686479	8.839473e-06	
7.239403e+07	0	4.607323e-05	4	1.817166e-06	4.412366e-05	4083845756	8.714638e-06	
7.318570e+07	0	5.009208e-05	4	1.817166e-06	4.412366e-05	4083845756	8.714638e-06	
7.522763e+07	1	9.939880e-02	0	1.000001e+00	1.000000e-01	2916276788	8.714638e-06	
7.709275e+07	3	1.592908e-05	8	2.593363e-07	2.305832e-05	378125977	8.839473e-06	110358663	2.432448e-08	
7.802817e+07	1	9.980988e-02	0	1.000001e+00	1.000000e-01	75	8.714638e-06	
7.933546e+07	1	2.723014e-05	4	1.831166e-06	4.423669e-05	2138100036	8.714638e-06	
8.067448e+07	1	9.965632e-02	0	1.000001e+00	1.000000e-01	130	1.097976e-05	
8.305651e+07	1	3.288838e-05	1	1.393238e-06	4.038454e-05	91	1.097976e-05	
8.473011e+07	3	1.309272e-05	11	3.440124e-07	2.533561e-05	690117576	8.714638e-06	1370908750	1.998758e-08	
8.601635e+07	1	6.574956e-06	1	1.407238e-06	4.051936e-05	4209590891	8.714638e-06	
8.691634e+07	1	9.895348e-02	0	1.000001e+00	1.000000e-01	1149406307	8.714638e-06	
8.994026e+07	1	9.984944e-02	0	1.000001e+00	1.000000e-01	119	1.097976e-05	
9.058567e+07	1	9.988458e-02	0	1.000001e+00	1.000000e-01	122	1.097976e-05	
9.289345e+07	1	9.951868e-02	0	1.000001e+00	1.000000e-01	3655816389	1.031945e-05	
9.582572e+07	0	1.666518e-05	144	2.800000e-08	1.097976e-05	4069401935	8.714638e-06	
9.823627e+07	1	3.741479e-05	1	1.427226e-06	4.071029e-05	1370908750	9.812810e-06	
1.011098e+08	1	9.994029e-02	0	1.000001e+00	1.000000e-01	142	8.714638e-06	
1.080765e+08	1	9.918761e-02	0	1.000001e+00	1.000000e-01	151	1.097976e-05	
1.087642e+08	1	9.934332e-02	0	1.000001e+00	1.000000e-01	144	1.097976e-05	
1.151614e+08	1	9.947153e-02	0	1.000001e+00	1.000000e-01	3592986772	8.714638e-06	
1.158330e+08	1	9.928530e-02	0	1.000001e+00	1.000000e-01	2879167783	8.714638e-06	
1.186487e+08	1	9.892013e-02	0	1.000001e+00	1.000000e-01	110358663	1.047662e-05	
1.218887e+08	1	2.817161e-05	4	1.845166e-06	4.434914e-05	4083845756	8.714638e-06	
1.227364e+08	1	9.968525e-02	0	1.000001e+00	1.000000e-01	1382686479	8.839473e-06	
1.280695e+08	1	9.983505e-02	0	1.000001e+00	1.000000e-01	3696843781	8.714638e-06	
1.410077e+08	1	9.956488e-02	0	1.000002e+00	1.000001e-01	44	1.097976e-05	
1.504808e+08	1	9.992831e-02	0	1.000002e+00	1.000001e-01	104	1.097976e-05	
1.561207e+08	0	4.999472e-05	1	1.427226e-06	4.071029e-05	137	1.097976e-05	
1.569417e+08	1	9.867550e-02	0	1.000002e+00	1.000001e-01	4069401935	8.714638e-06	
1.873724e+08	2	4.645044e-05	4	2.750114e-06	5.065903e-05	1	4.071029e-05	1837234470	1.400000e-08	2945849429	1.411883e-08	66296937	1.411883e-08	976558236	1.411883e-08	2438291630	1.411883e-08	906368509	1.411883e-08	3783228500	1.411883e-08	2858952728	1.411883e-08	395113485	1.411883e-08	4019363830	1.411883e-08	3016084464	1.411883e-08	921818415	1.411883e-08	2892683898	1.411883e-08	3697249003	1.411883e-08	3983774618	1.411883e-08	4187488967	1.411883e-08	898751805	1.411883e-08	3632514288	1.411883e-08	410848061	1.411883e-08	2791633391	1.411883e-08	630280293	1.411883e-08	4212779140	1.411883e-08	3459374364	1.411883e-08	2125331604	1.411883e-08	3113062634	1.411883e-08	847040419	1.411883e-08	4240624600	1.411883e-08	1565786989	1.411883e-08	2286860921	1.411883e-08	3707879645	1.411883e-08	2746930994	1.411883e-08	4075596975	1.411883e-08	4283280385	1.411883e-08	538453177	1.411883e-08	3121292019	1.411883e-08	3349724438	1.411883e-08	4253718737	1.411883e-08	
1.873733e+08	1	2.784790e-05	4	2.764233e-06	5.074558e-05	2286860921	8.739225e-06	
1.873736e+08	1	2.861491e-05	4	2.778352e-06	5.083183e-05	2438291630	8.739225e-06	
1.873773e+08	1	4.375027e-05	4	2.792470e-06	5.091779e-05	921818415	8.739225e-06	
1.873901e+08	1	3.144630e-05	4	2.806589e-06	5.100346e-05	538453177	8.739225e-06	
1.873936e+08	1	4.627056e-05	4	2.820708e-06	5.108884e-05	4253718737	8.739225e-06	
1.873981e+08	0	5.944829e-05	4	2.820708e-06	5.108884e-05	847040419	8.739225e-06	
1.874167e+08	1	2.770604e-05	4	2.834827e-06	5.117394e-05	4075596975	8.739225e-06	
1.874205e+08	1	2.356191e-05	4	2.848946e-06	5.125876e-05	630280293	8.739225e-06	
1.874374e+08	1	3.370249e-05	4	2.863065e-06	5.134329e-05	3697249003	8.739225e-06	
1.874407e+08	2	7.428398e-06	3121292019	1.423766e-08	8.714638e-06	1565786989	8.739225e-06	3297362622	1.400000e-08	
1.874431e+08	1	2.073529e-05	4	2.877065e-06	5.142684e-05	3297362622	8.714638e-06	
1.874480e+08	1	4.891369e-05	4	2.891183e-06	5.151083e-05	2892683898	8.739225e-06	
1.874687e+08	0	1.599837e-05	4212779140	1.411883e-08	8.739225e-06	3983774618	8.739225e-06	
1.875126e+08	1	3.772492e-05	4	2.905302e-06	5.159454e-05	3983774618	8.739225e-06	
1.875229e+08	1	9.995977e-02	0	1.000002e+00	1.000001e-01	906368509	8.739225e-06	
1.875388e+08	1	2.955352e-05	4	2.919421e-06	5.167799e-05	4212779140	8.739225e-06	
1.875540e+08	1	4.418442e-05	4	2.933540e-06	5.176116e-05	3707879645	8.739225e-06	
1.875545e+08	1	4.004855e-05	4	2.947659e-06	5.184407e-05	2945849429	8.739225e-06	
1.876531e+08	1	9.997260e-02	0	1.000002e+00	1.000001e-01	2125331604	8.739225e-06	
1.877873e+08	1	1.000019e-01	0	1.000002e+00	1.000001e-01	3113062634	8.739225e-06	
1.878728e+08	1	4.063923e-05	4	2.961778e-06	5.192671e-05	3459374364	8.739225e-06	
1.879385e+08	0	1.249029e-05	2746930994	1.411883e-08	8.739225e-06	2791633391	8.739225e-06	
1.880067e+08	2	4.894683e-06	4283280385	1.423766e-08	8.714638e-06	847040419	8.739225e-06	1751902433	1.400000e-08	
1.880703e+08	1	5.382130e-05	4	2.975896e-06	5.200909e-05	2746930994	8.739225e-06	
1.882002e+08	1	4.107255e-05	4	2.990015e-06	5.209121e-05	2791633391	8.739225e-06	
1.882968e+08	1	4.746502e-05	4	3.004253e-06	5.217376e-05	4283280385	8.714638e-06	
1.882984e+08	1	1.000080e-01	0	1.000002e+00	1.000001e-01	3632514288	8.739225e-06	
1.887746e+08	1	1.000041e-01	0	1.000002e+00	1.000001e-01	3349724438	8.739225e-06	
1.888822e+08	1	9.999399e-02	0	1.000002e+00	1.000001e-01	1751902433	8.714638e-06	
1.890817e+08	1	1.000018e-01	0	1.000002e+00	1.000001e-01	1837234470	8.714638e-06	
1.890863e+08	1	3.401649e-05	4	3.018372e-06	5.225537e-05	898751805	8.739225e-06	
1.897067e+08	1	4.956776e-05	4	3.032491e-06	5.233672e-05	3783228500	8.739225e-06	
1.900197e+08	1	9.999205e-02	0	1.000002e+00	1.000001e-01	976558236	8.739225e-06	
1.902264e+08	1	9.996595e-02	0	1.000002e+00	1.000001e-01	118	1.097976e-05	
1.912970e+08	1	9.999918e-02	0	1.000002e+00	1.000001e-01	410848061	8.739225e-06	
1.922128e+08	1	9.998283e-02	0	1.000002e+00	1.000001e-01	4019363830	8.739225e-06	
1.922955e+08	1	1.000019e-01	0	1.000002e+00	1.000001e-01	3016084464	8.739225e-06	
1.934773e+08	0	5.336263e-05	4	3.032491e-06	5.233672e-05	2858952728	8.739225e-06	
1.964000e+08	1	5.222466e-05	4	3.046609e-06	5.241782e-05	395113485	8.739225e-06	
1.979201e+08	1	9.982261e-02	0	1.000002e+00	1.000001e-01	2858952728	8.739225e-06	
2.003495e+08	1	9.992115e-02	0	1.000002e+00	1.000001e-01	4240624600	8.739225e-06	
2.035862e+08	1	9.956873e-02	0	1.000002e+00	1.000001e-01	4187488967	8.739225e-06	
2.085796e+08	1	9.963619e-02	0	1.000002e+00	1.000001e-01	8	2.305832e-05	
2.191996e+08	1	9.989057e-02	0	1.000002e+00	1.000001e-01	66296937	8.739225e-06	
2.306026e+08	1	9.921947e-02	0	1.000002e+00	1.000001e-01	11	2.533561e-05	
2.776200e+08	1	9.989638e-02	0	1.000003e+00	1.000001e-01	10	2.581708e-05	
