2.272574e+03	1	1.816182e-05	29	5.600000e-08	1.383363e-05	28	1.097976e-05	
4.785253e+03	1	3.355007e-05	10	3.080000e-07	2.441876e-05	101	1.097976e-05	
8.700909e+03	1	3.211625e-05	6	3.080000e-07	2.441876e-05	85	1.097976e-05	
9.289485e+03	1	3.229226e-05	1	3.080000e-07	2.441876e-05	23	1.097976e-05	
9.592622e+03	1	2.771493e-05	6	3.360000e-07	2.513737e-05	79	1.097976e-05	
2.378127e+04	0	1.847648e-05	25	2.800000e-08	1.097976e-05	24	1.097976e-05	
2.530655e+04	1	1.441282e-05	3	3.080000e-07	2.441876e-05	51	1.097976e-05	
2.811393e+04	1	1.546189e-05	111	5.600000e-08	1.383363e-05	108	1.097976e-05	
4.335854e+04	1	2.868206e-05	5	5.600000e-07	2.980364e-05	4	2.365517e-05	
4.392357e+04	1	1.530307e-05	13	3.080000e-07	2.441876e-05	117	1.097976e-05	
5.759386e+04	1	3.594778e-05	5	5.880000e-07	3.029231e-05	66	1.097976e-05	
8.072121e+04	2	3.967857e-06	20	4.131550e-08	1.250003e-05	19	1.097976e-05	3687573659	1.468450e-08	
8.225225e+04	1	3.328389e-05	3	3.360000e-07	2.513737e-05	69	1.097976e-05	
8.501858e+04	1	1.237552e-05	7	3.080000e-07	2.441876e-05	57	1.097976e-05	
8.512916e+04	1	1.981328e-05	1	3.360000e-07	2.513737e-05	21	1.097976e-05	
9.288039e+04	1	1.630642e-05	14	3.080000e-07	2.441876e-05	137	1.097976e-05	
9.384881e+04	1	8.728985e-06	5	6.160000e-07	3.076571e-05	62	1.097976e-05	
9.681806e+04	1	2.367141e-05	7	3.360000e-07	2.513737e-05	55	1.097976e-05	
9.976559e+04	0	2.086844e-05	96	2.800000e-08	1.097976e-05	71	1.097976e-05	
1.237014e+05	1	2.906076e-05	9	3.080000e-07	2.441876e-05	74	1.097976e-05	
1.729468e+05	0	2.284188e-05	20	4.131550e-08	1.250003e-05	18	1.097976e-05	
1.905046e+05	0	2.159622e-05	95	2.800000e-08	1.097976e-05	90	1.097976e-05	
1.983217e+05	2	6.909101e-06	18	3.167828e-08	1.144091e-05	15	1.097976e-05	3196256300	2.432172e-08	
2.017697e+05	1	3.656182e-05	6	6.160000e-07	3.076571e-05	11	2.365517e-05	
2.753039e+05	1	5.265498e-05	5	9.520000e-07	3.557015e-05	7	2.513737e-05	
3.150476e+05	1	1.608254e-05	1	3.640000e-07	2.581708e-05	25	1.097976e-05	
3.186720e+05	2	2.863250e-05	6	8.819794e-07	3.467577e-05	9	2.441876e-05	848448836	1.400686e-08	2211003714	1.400686e-08	2916276788	1.400686e-08	
3.282756e+05	1	1.283191e-05	37	5.600000e-08	1.383363e-05	27	1.097976e-05	
3.521449e+05	0	3.128749e-05	2	2.800000e-07	2.365517e-05	32	1.097976e-05	
4.224499e+05	3	7.558625e-06	29	3.802783e-08	1.215926e-05	16	1.097976e-05	3696193412	1.532406e-08	15308464	1.532406e-08	1239307652	1.532406e-08	
4.236155e+05	0	1.999526e-05	29	3.802783e-08	1.215926e-05	1239307652	8.981136e-06	
4.240672e+05	0	1.719313e-05	99	2.800000e-08	1.097976e-05	89	1.097976e-05	
4.278584e+05	0	1.714868e-05	29	3.802783e-08	1.215926e-05	15308464	8.981136e-06	
5.021740e+05	1	6.250586e-06	1	3.883217e-07	2.637974e-05	3196256300	1.047622e-05	
6.284672e+05	0	3.005544e-05	2	2.800000e-07	2.365517e-05	26	1.097976e-05	
6.435392e+05	0	1.985952e-05	80	2.800000e-08	1.097976e-05	38	1.097976e-05	
6.679467e+05	1	3.997973e-05	5	9.800000e-07	3.591551e-05	56	1.097976e-05	
6.899973e+05	1	1.027189e-05	35	5.600000e-08	1.383363e-05	32	1.097976e-05	
7.264319e+05	0	3.211693e-05	3	3.360000e-07	2.513737e-05	48	1.097976e-05	
7.365140e+05	0	1.576503e-05	17	2.800000e-08	1.097976e-05	3687573659	8.854412e-06	
7.471651e+05	0	1.590548e-05	24	2.800000e-08	1.097976e-05	3696193412	8.981136e-06	
8.717104e+05	0	3.495311e-05	1	3.883217e-07	2.637974e-05	30	1.097976e-05	
8.855316e+05	1	2.666890e-05	1	4.163217e-07	2.699913e-05	30	1.097976e-05	
9.335482e+05	0	1.817463e-05	37	5.600000e-08	1.383363e-05	33	1.097976e-05	
1.012527e+06	0	4.364460e-05	6	8.819794e-07	3.467577e-05	71	1.097976e-05	
1.015586e+06	0	1.822360e-05	76	2.800000e-08	1.097976e-05	45	1.097976e-05	
1.054971e+06	0	1.938471e-05	35	5.600000e-08	1.383363e-05	22	1.097976e-05	
1.101256e+06	0	3.010203e-05	3	3.360000e-07	2.513737e-05	68	1.097976e-05	
1.138248e+06	0	1.995572e-05	59	2.800000e-08	1.097976e-05	24	1.097976e-05	
1.157150e+06	0	2.128829e-05	59	2.800000e-08	1.097976e-05	34	1.097976e-05	
1.167576e+06	0	1.892863e-05	100	2.800000e-08	1.097976e-05	87	1.097976e-05	
1.177542e+06	3	1.324227e-05	65	1.400000e-08	8.714638e-06	60	1.097976e-05	1945448119	1.400000e-08	3396227953	1.400000e-08	3321237907	1.400000e-08	
1.201463e+06	1	1.863764e-05	1	4.316458e-07	2.732641e-05	15308464	8.981136e-06	
1.392817e+06	0	1.664092e-05	64	2.800000e-08	1.097976e-05	43	1.097976e-05	
1.579503e+06	1	2.856326e-05	5	1.008000e-06	3.625435e-05	98	1.097976e-05	
1.647620e+06	0	1.886909e-05	44	2.800000e-08	1.097976e-05	24	1.097976e-05	
1.775790e+06	3	1.167105e-05	80	1.400000e-08	8.714638e-06	64	1.097976e-05	3187199216	1.400000e-08	3330100144	1.400000e-08	310481256	1.400000e-08	
1.818620e+06	1	2.903119e-05	6	9.099794e-07	3.503891e-05	91	1.097976e-05	
1.877033e+06	0	1.864060e-05	75	2.800000e-08	1.097976e-05	65	8.714638e-06	
1.879986e+06	2	1.905153e-05	8	2.871342e-07	2.385439e-05	46	1.097976e-05	817087088	2.086584e-08	
2.034399e+06	3	1.093716e-05	22	2.420176e-08	1.045897e-05	17	1.097976e-05	551137729	1.589912e-08	1218250404	1.589912e-08	
2.043552e+06	0	4.486213e-05	6	9.099794e-07	3.503891e-05	63	1.097976e-05	
2.087290e+06	0	2.818202e-05	14	3.080000e-07	2.441876e-05	106	1.097976e-05	
2.122688e+06	0	1.959336e-05	97	2.800000e-08	1.097976e-05	1218250404	9.092103e-06	
2.155254e+06	4	1.030772e-05	26	1.400000e-08	8.714638e-06	1239307652	8.981136e-06	1035956119	1.466203e-08	1211996162	1.466203e-08	
2.162185e+06	1	1.027533e-05	2	2.940000e-07	2.404303e-05	26	8.714638e-06	
2.290830e+06	0	1.913682e-05	34	2.800000e-08	1.097976e-05	80	8.714638e-06	
2.386699e+06	1	2.259904e-05	1	4.696736e-07	2.810641e-05	29	1.215926e-05	
2.474874e+06	1	7.719475e-06	2	3.220000e-07	2.478327e-05	33	1.097976e-05	
2.545666e+06	1	2.271452e-05	13	3.360000e-07	2.513737e-05	129	1.097976e-05	
2.579527e+06	1	2.232447e-05	1	4.855727e-07	2.842005e-05	551137729	9.092103e-06	
2.598611e+06	1	3.124478e-06	5	1.036000e-06	3.658698e-05	96	1.097976e-05	
2.598625e+06	1	1.842444e-05	3	3.640000e-07	2.581708e-05	90	1.097976e-05	
2.624658e+06	1	3.633486e-05	5	1.064000e-06	3.691367e-05	86	1.097976e-05	
2.729248e+06	4	3.105037e-06	20	1.400000e-08	8.714638e-06	18	1.144091e-05	188552836	1.474844e-08	2029773149	1.474844e-08	302486611	1.474844e-08	1842102965	1.474844e-08	
2.866239e+06	0	1.742556e-05	39	2.800000e-08	1.097976e-05	3330100144	8.714638e-06	
2.882237e+06	1	2.343049e-05	1	5.003212e-07	2.870492e-05	302486611	8.867246e-06	
2.903893e+06	0	1.890045e-05	37	5.600000e-08	1.383363e-05	31	1.097976e-05	
2.931896e+06	0	4.486681e-05	5	1.064000e-06	3.691367e-05	92	1.097976e-05	
2.949157e+06	0	3.262817e-05	2	3.220000e-07	2.478327e-05	1211996162	8.849893e-06	
2.954990e+06	0	1.763145e-05	2029773149	1.474844e-08	8.867246e-06	188552836	8.867246e-06	
2.958747e+06	0	1.768557e-05	36	2.800000e-08	1.097976e-05	1218250404	9.092103e-06	
3.083277e+06	0	4.423509e-05	6	9.099794e-07	3.503891e-05	92	1.097976e-05	
3.193212e+06	3	1.325455e-05	44	1.400000e-08	8.714638e-06	43	1.097976e-05	1285693762	1.400000e-08	1078741991	1.400000e-08	2723643411	1.400000e-08	
3.274575e+06	0	2.159276e-05	148	2.800000e-08	1.097976e-05	125	1.097976e-05	
3.308386e+06	3	1.509275e-05	37	5.214798e-08	1.350887e-05	188552836	8.867246e-06	1804212609	1.860047e-08	
3.330296e+06	0	1.597610e-05	36	2.800000e-08	1.097976e-05	817087088	9.954481e-06	
3.429661e+06	0	4.442183e-05	5	1.064000e-06	3.691367e-05	1945448119	8.714638e-06	
3.456172e+06	3	1.720985e-05	68	1.400000e-08	8.714638e-06	31	1.097976e-05	438292632	1.400000e-08	2001290253	1.400000e-08	3147695692	1.400000e-08	
3.553694e+06	1	1.988638e-05	2	3.462018e-07	2.538924e-05	22	1.045897e-05	
3.557352e+06	1	2.209515e-05	8	3.011342e-07	2.423595e-05	1945448119	8.714638e-06	
3.632286e+06	2	8.567899e-06	2	3.492414e-07	2.546333e-05	82	1.097976e-05	3179285865	2.496037e-08	
3.654087e+06	0	4.017097e-05	5	1.064000e-06	3.691367e-05	41	1.097976e-05	
3.655520e+06	1	9.035412e-06	2	3.742018e-07	2.605605e-05	3179285865	1.056713e-05	
3.659638e+06	1	2.650852e-05	1	5.189216e-07	2.905632e-05	1804212609	9.580348e-06	
3.847199e+06	0	3.206464e-05	1	5.189216e-07	2.905632e-05	3687573659	8.854412e-06	
3.891602e+06	0	4.033293e-05	6	9.099794e-07	3.503891e-05	58	1.097976e-05	
4.001872e+06	1	9.566030e-06	8	3.151342e-07	2.460586e-05	3321237907	8.714638e-06	
4.038186e+06	2	1.803360e-05	1	5.313811e-07	2.928703e-05	59	1.097976e-05	2173231515	1.554053e-08	
4.050719e+06	3	1.277035e-05	3696193412	1.607250e-08	8.714638e-06	1842102965	8.867246e-06	740082705	1.400000e-08	
4.121283e+06	0	3.364802e-05	2	3.742018e-07	2.605605e-05	35	1.383363e-05	
4.122546e+06	1	3.798586e-05	1	5.469216e-07	2.956980e-05	2173231515	9.023227e-06	
4.136796e+06	0	1.995059e-05	115	2.800000e-08	1.097976e-05	114	1.097976e-05	
4.235703e+06	0	5.650879e-05	6	9.099794e-07	3.503891e-05	3	2.581708e-05	
4.318615e+06	0	3.601638e-05	1	5.469216e-07	2.956980e-05	35	1.383363e-05	
4.338896e+06	1	2.271729e-05	2	4.022018e-07	2.669037e-05	34	1.097976e-05	
4.432761e+06	0	1.947188e-05	77	2.800000e-08	1.097976e-05	24	1.097976e-05	
4.472386e+06	2	1.974259e-05	1	5.606261e-07	2.981475e-05	37	1.350887e-05	2795063678	1.922176e-08	3642829293	1.922176e-08	
4.522633e+06	4	5.457504e-06	3696193412	1.607250e-08	8.322699e-06	20	8.714638e-06	2707128518	1.400000e-08	
4.527353e+06	1	1.462410e-05	5	1.078000e-06	3.707487e-05	2723643411	8.714638e-06	
4.551915e+06	3	1.122534e-05	105	1.400000e-08	8.714638e-06	80	8.714638e-06	474866315	1.400000e-08	1639799867	1.400000e-08	
4.583238e+06	1	5.576534e-05	5	1.393134e-06	4.038353e-05	8	2.460586e-05	
4.616500e+06	1	3.823828e-05	5	1.421134e-06	4.065229e-05	88	1.097976e-05	
4.653004e+06	0	3.723338e-05	2	4.022018e-07	2.669037e-05	24	1.097976e-05	
4.665383e+06	4	8.593574e-06	1639799867	1.400000e-08	8.714638e-06	3147695692	8.714638e-06	1026028388	1.400000e-08	
4.712936e+06	0	4.258871e-05	1	5.606261e-07	2.981475e-05	35	1.383363e-05	
4.775343e+06	0	3.272712e-05	1	5.606261e-07	2.981475e-05	38	1.097976e-05	
4.800738e+06	0	1.756780e-05	151	2.800000e-08	1.097976e-05	76	1.097976e-05	
4.860662e+06	1	4.056306e-05	5	1.435796e-06	4.079162e-05	1035956119	8.849893e-06	
4.941714e+06	0	1.889159e-05	45	2.800000e-08	1.097976e-05	3330100144	8.714638e-06	
4.966066e+06	0	1.602389e-05	76	2.800000e-08	1.097976e-05	105	8.714638e-06	
5.059812e+06	3	1.139776e-05	93	1.400000e-08	8.714638e-06	1078741991	8.714638e-06	1128056158	1.400000e-08	2909632847	1.400000e-08	
5.079933e+06	4	3.896450e-06	77	1.400000e-08	8.714638e-06	1285693762	8.714638e-06	937177227	1.400000e-08	3393811039	1.400000e-08	
5.105315e+06	1	1.703265e-05	1	5.746261e-07	3.006089e-05	105	8.714638e-06	
5.124624e+06	1	3.078325e-05	5	1.456662e-06	4.098827e-05	817087088	9.954481e-06	
5.132300e+06	0	4.809311e-05	5	1.456662e-06	4.098827e-05	48	1.097976e-05	
5.162972e+06	1	3.125649e-05	5	1.484662e-06	4.124923e-05	39	1.097976e-05	
5.182390e+06	0	3.123832e-05	10	3.080000e-07	2.441876e-05	125	1.097976e-05	
5.225611e+06	3	1.223299e-05	143	2.369002e-08	1.038473e-05	122	1.097976e-05	611212867	1.615499e-08	1104410542	1.615499e-08	
5.242830e+06	0	1.873682e-05	110	2.800000e-08	1.097976e-05	95	1.097976e-05	
5.351293e+06	3	1.122696e-05	52	1.400000e-08	8.714638e-06	1128056158	8.714638e-06	2328232000	1.400000e-08	2999719241	1.400000e-08	
5.543236e+06	3	1.216739e-05	38	1.400000e-08	8.714638e-06	2707128518	8.322699e-06	1931993247	1.400000e-08	1494850122	1.400000e-08	
5.543349e+06	1	8.644541e-06	1494850122	2.800000e-08	1.097976e-05	38	8.714638e-06	
5.580888e+06	0	1.940594e-05	40	2.800000e-08	1.097976e-05	438292632	8.714638e-06	
5.622463e+06	1	1.753127e-05	6	9.379794e-07	3.539466e-05	53	1.097976e-05	
5.687043e+06	1	2.289982e-05	1	5.886261e-07	3.030306e-05	1931993247	8.714638e-06	
5.713933e+06	0	2.766962e-05	2	4.022018e-07	2.669037e-05	2001290253	8.714638e-06	
5.720034e+06	4	1.071352e-05	131	1.400000e-08	8.714638e-06	118	1.097976e-05	3414514926	1.400000e-08	2312786130	1.400000e-08	3537925318	1.400000e-08	
5.742703e+06	0	1.855482e-05	135	2.800000e-08	1.097976e-05	119	1.097976e-05	
5.864194e+06	3	1.264640e-05	119	1.400000e-08	8.714638e-06	24	1.097976e-05	1634407402	1.400000e-08	3869596591	1.400000e-08	3375523036	1.400000e-08	
5.871864e+06	1	2.792722e-05	3	3.920000e-07	2.646277e-05	124	1.097976e-05	
5.879472e+06	1	1.775758e-05	14	3.360000e-07	2.513737e-05	78	1.097976e-05	
5.911478e+06	1	2.196706e-05	6	9.519794e-07	3.556989e-05	2999719241	8.714638e-06	
6.297023e+06	0	2.169177e-05	35	5.600000e-08	1.383363e-05	438292632	8.714638e-06	
6.407559e+06	0	1.881622e-05	146	2.800000e-08	1.097976e-05	84	1.097976e-05	
6.462051e+06	0	3.035914e-05	1	5.886261e-07	3.030306e-05	1218250404	9.092103e-06	
6.523010e+06	0	1.663876e-05	75	2.800000e-08	1.097976e-05	2001290253	8.714638e-06	
6.663042e+06	3	1.344202e-05	83	1.400000e-08	8.714638e-06	42	1.097976e-05	772925454	1.400000e-08	2215785330	1.400000e-08	3491092596	1.400000e-08	
6.668503e+06	0	3.094904e-05	1	5.886261e-07	3.030306e-05	438292632	8.714638e-06	
6.780873e+06	2	6.818119e-06	1	5.904110e-07	3.033366e-05	2795063678	9.685850e-06	57770090	1.743680e-08	
6.828861e+06	1	2.287836e-05	1	6.078479e-07	3.062939e-05	57770090	9.376246e-06	
6.936412e+06	1	1.969645e-05	5	1.512662e-06	4.150693e-05	75	1.097976e-05	
6.937224e+06	1	9.855415e-02	0	1.000000e+00	1.000000e-01	130	1.097976e-05	
6.943721e+06	2	1.314399e-05	13	5.382241e-07	2.941221e-05	12	2.365517e-05	3071577057	1.555518e-08	1452489764	1.555518e-08	4260098875	1.555518e-08	3696843781	1.555518e-08	2138100036	1.555518e-08	
6.945004e+06	1	1.723329e-05	2	4.302018e-07	2.729590e-05	97	1.097976e-05	
7.060972e+06	1	4.597993e-05	6	1.259979e-06	3.905361e-05	10	2.441876e-05	
7.207927e+06	3	6.668089e-06	3696193412	1.607250e-08	7.948388e-06	740082705	8.714638e-06	1726701215	1.400000e-08	
7.230906e+06	0	1.029948e-05	3696193412	1.607250e-08	7.948388e-06	1726701215	7.948388e-06	
7.292687e+06	0	1.142164e-05	3869596591	1.400000e-08	8.714638e-06	1639799867	8.714638e-06	
7.307939e+06	1	3.738503e-05	5	1.540662e-06	4.176147e-05	63	1.097976e-05	
7.383689e+06	0	1.389358e-05	2138100036	1.555518e-08	9.026063e-06	3414514926	8.714638e-06	
7.433390e+06	0	2.067265e-05	95	2.800000e-08	1.097976e-05	94	1.097976e-05	
7.501340e+06	4	3.644914e-06	89	1.400000e-08	8.714638e-06	70	1.097976e-05	1412415798	1.400000e-08	375852842	1.400000e-08	3593732192	1.400000e-08	
7.553549e+06	1	3.592815e-05	5	1.554662e-06	4.188759e-05	68	8.714638e-06	
7.566925e+06	0	4.923946e-05	5	1.554662e-06	4.188759e-05	102	1.097976e-05	
7.642579e+06	1	3.080337e-05	5	1.568662e-06	4.201295e-05	3393811039	8.714638e-06	
7.715560e+06	3	1.440259e-05	3642829293	2.129426e-08	8.714638e-06	3696193412	7.948388e-06	3888264012	1.400000e-08	
7.741573e+06	0	3.240865e-05	1	6.078479e-07	3.062939e-05	2001290253	8.714638e-06	
7.766959e+06	0	3.591325e-05	1	6.078479e-07	3.062939e-05	2029773149	8.867246e-06	
7.785224e+06	0	3.733714e-05	1	6.078479e-07	3.062939e-05	3888264012	8.714638e-06	
7.826694e+06	1	2.594247e-05	13	5.522241e-07	2.966505e-05	772925454	8.714638e-06	
7.918669e+06	1	2.448874e-05	5	1.582662e-06	4.213756e-05	1639799867	8.714638e-06	
8.000285e+06	1	3.349028e-05	6	1.287979e-06	3.934078e-05	126	1.097976e-05	
8.158243e+06	0	3.800865e-05	1	6.078479e-07	3.062939e-05	3642829293	8.714638e-06	
8.172951e+06	1	9.987607e-02	0	1.000000e+00	1.000000e-01	153	1.097976e-05	
8.242629e+06	0	1.929867e-05	50	2.800000e-08	1.097976e-05	1218250404	9.092103e-06	
8.301323e+06	1	2.398146e-05	1	6.291421e-07	3.098296e-05	3642829293	8.714638e-06	
8.484298e+06	1	2.287072e-05	14	3.640000e-07	2.581708e-05	121	1.097976e-05	
8.553645e+06	1	2.286054e-05	2	4.582018e-07	2.787569e-05	50	1.097976e-05	
8.977738e+06	3	2.124415e-05	2	4.545242e-07	2.780091e-05	44	8.714638e-06	313359544	1.767752e-08	
9.114211e+06	3	1.243400e-05	2029773149	1.474844e-08	8.714638e-06	1726701215	7.948388e-06	217284033	1.400000e-08	
9.166328e+06	1	2.944800e-05	1	6.571421e-07	3.143594e-05	1494850122	1.097976e-05	
9.243667e+06	0	1.733408e-05	3071577057	1.555518e-08	9.026063e-06	65	8.714638e-06	
9.272041e+06	1	6.386517e-06	2	4.722018e-07	2.815675e-05	313359544	9.419194e-06	
9.323613e+06	0	3.951235e-05	6	1.287979e-06	3.934078e-05	76	1.097976e-05	
9.418471e+06	0	5.003467e-05	5	1.582662e-06	4.213756e-05	2211003714	8.716061e-06	
9.505673e+06	4	8.641432e-06	45	1.400000e-08	8.714638e-06	937177227	8.714638e-06	2151269300	1.400000e-08	3913511150	1.400000e-08	
9.651399e+06	0	4.314777e-05	5	1.582662e-06	4.213756e-05	3869596591	8.714638e-06	
9.751403e+06	4	1.047168e-05	48	1.400000e-08	8.714638e-06	3869596591	8.714638e-06	2962530363	1.400000e-08	2063946235	1.400000e-08	
9.783308e+06	3	1.096325e-05	3696843781	1.500945e-08	8.826433e-06	1412415798	8.714638e-06	1172086036	1.454574e-08	
9.875486e+06	0	1.688745e-05	1218250404	1.589912e-08	9.092103e-06	438292632	8.714638e-06	
9.974993e+06	0	4.173602e-05	6	1.287979e-06	3.934078e-05	67	1.097976e-05	
9.983646e+06	4	7.417389e-06	76	1.400000e-08	8.714638e-06	3687573659	8.854412e-06	690117576	1.434225e-08	3288380490	1.434225e-08	
1.012154e+07	2	1.537775e-05	1	6.602923e-07	3.148609e-05	61	1.097976e-05	845665321	2.484980e-08	
1.013309e+07	1	3.448832e-05	1	6.851421e-07	3.187623e-05	845665321	1.055150e-05	
1.045105e+07	3	1.159790e-05	110	1.400000e-08	8.714638e-06	77	8.714638e-06	3122982648	1.400000e-08	1471982444	1.400000e-08	
1.051593e+07	1	2.983122e-05	1	7.010412e-07	3.212091e-05	1218250404	9.092103e-06	
1.062399e+07	3	1.265204e-05	58	1.400000e-08	8.714638e-06	65	8.714638e-06	3303338876	1.400000e-08	2875471576	1.400000e-08	
1.066174e+07	4	7.214010e-06	3696843781	1.500945e-08	8.623953e-06	1026028388	8.714638e-06	1738909006	1.400000e-08	
1.078000e+07	0	1.225926e-05	3303338876	1.400000e-08	8.714638e-06	1471982444	8.714638e-06	
1.091251e+07	0	3.764626e-05	1	7.010412e-07	3.212091e-05	3288380490	8.785081e-06	
1.091272e+07	0	3.899143e-05	1	7.010412e-07	3.212091e-05	438292632	8.714638e-06	
1.099147e+07	4	1.612732e-06	3696843781	1.500945e-08	8.426117e-06	2312786130	8.714638e-06	356405251	1.400000e-08	
1.102961e+07	1	1.360238e-05	1	7.153835e-07	3.233848e-05	3288380490	8.785081e-06	
1.109974e+07	2	1.865418e-05	2	4.840380e-07	2.839007e-05	40	1.097976e-05	2879167783	1.616372e-08	
1.117209e+07	1	1.484605e-05	13	5.662241e-07	2.991365e-05	2909632847	8.714638e-06	
1.119840e+07	1	2.022375e-05	1	7.293835e-07	3.254808e-05	438292632	8.714638e-06	
1.120335e+07	1	9.994975e-02	0	1.000000e+00	1.000000e-01	149	1.097976e-05	
1.130415e+07	1	2.447867e-05	2	4.980380e-07	2.866119e-05	48	8.714638e-06	
1.131107e+07	1	1.683015e-05	5	1.597004e-06	4.226446e-05	690117576	8.785081e-06	
1.131839e+07	0	1.835453e-05	136	2.800000e-08	1.097976e-05	3122982648	8.714638e-06	
1.151673e+07	1	3.939559e-05	5	1.611004e-06	4.238761e-05	2063946235	8.714638e-06	
1.167479e+07	1	1.495086e-05	5	1.667004e-06	4.287317e-05	35	1.383363e-05	
1.174641e+07	1	2.174046e-05	1	7.573835e-07	3.295935e-05	36	1.097976e-05	
1.195060e+07	1	1.552290e-05	2	5.120380e-07	2.892727e-05	2875471576	8.714638e-06	
1.206220e+07	1	3.833958e-05	5	1.681004e-06	4.299285e-05	52	8.714638e-06	
1.233324e+07	3	8.948549e-06	114	1.400000e-08	8.714638e-06	119	8.714638e-06	3083352544	1.400000e-08	4198169764	1.400000e-08	
1.246228e+07	1	9.885919e-02	0	1.000000e+00	1.000000e-01	135	1.097976e-05	
1.252485e+07	0	1.659654e-05	217284033	1.400000e-08	8.714638e-06	3888264012	8.714638e-06	
1.254284e+07	3	1.463781e-05	102	2.623981e-08	9.065542e-06	3330100144	8.714638e-06	821115011	1.576019e-08	
1.273565e+07	1	2.716699e-05	2	5.260380e-07	2.918854e-05	3122982648	8.714638e-06	
1.276283e+07	1	9.938892e-02	0	1.000000e+00	1.000000e-01	154	1.097976e-05	
1.294433e+07	4	6.427420e-06	2029773149	1.474844e-08	8.564657e-06	217284033	8.714638e-06	2118016430	1.400000e-08	
1.309174e+07	3	9.139091e-06	821115011	1.576019e-08	8.714638e-06	1634407402	8.714638e-06	1945735688	1.400000e-08	
1.309786e+07	1	2.326354e-05	1	7.713835e-07	3.316119e-05	474866315	8.714638e-06	
1.313037e+07	1	9.834464e-02	0	1.000000e+00	1.000000e-01	111	1.383363e-05	
1.320661e+07	1	2.843921e-05	2	5.540380e-07	2.969750e-05	94	1.097976e-05	
1.335971e+07	0	3.202948e-05	3	3.920000e-07	2.646277e-05	95	1.097976e-05	
1.337569e+07	1	9.999144e-02	0	1.000000e+00	1.000000e-01	2118016430	8.564657e-06	
1.373645e+07	3	1.242442e-05	113	1.400000e-08	8.714638e-06	93	8.714638e-06	4093093422	1.400000e-08	2842015324	1.400000e-08	
1.383143e+07	0	4.391392e-05	6	1.287979e-06	3.934078e-05	3593732192	8.714638e-06	
1.399397e+07	1	1.854852e-05	138	5.600000e-08	1.383363e-05	106	1.097976e-05	
1.423893e+07	2	3.837871e-05	2	8.900727e-07	3.478152e-05	3	2.646277e-05	1249238030	1.400000e-08	3214077756	2.098267e-08	879162223	2.098267e-08	
1.429204e+07	0	4.052511e-05	6	1.287979e-06	3.934078e-05	4198169764	8.714638e-06	
1.430310e+07	1	1.208411e-05	2	9.040727e-07	3.496293e-05	1249238030	8.714638e-06	
1.431809e+07	0	4.916497e-05	5	1.681004e-06	4.299285e-05	2842015324	8.714638e-06	
1.544003e+07	1	3.433538e-05	2	9.180796e-07	3.514256e-05	848448836	8.716061e-06	
1.571451e+07	0	4.308869e-05	5	1.681004e-06	4.299285e-05	114	8.714638e-06	
1.587997e+07	0	4.334963e-05	6	1.287979e-06	3.934078e-05	2151269300	8.714638e-06	
1.590302e+07	1	9.851687e-02	0	1.000000e+00	1.000000e-01	128	1.097976e-05	
1.612048e+07	1	3.792677e-05	5	1.695004e-06	4.311188e-05	114	8.714638e-06	
1.630020e+07	0	4.073829e-05	1	7.713835e-07	3.316119e-05	89	8.714638e-06	
1.630946e+07	1	3.143473e-05	1	7.875472e-07	3.339121e-05	2879167783	9.142265e-06	
1.639383e+07	1	2.715384e-05	2	9.320796e-07	3.532030e-05	110	8.714638e-06	
1.727509e+07	1	2.737276e-05	5	1.709004e-06	4.323025e-05	83	8.714638e-06	
1.754405e+07	1	9.991306e-02	0	1.000000e+00	1.000000e-01	136	1.097976e-05	
1.760100e+07	0	3.415766e-05	1	7.875472e-07	3.339121e-05	879162223	9.973025e-06	
1.765650e+07	1	1.192686e-05	1	8.015472e-07	3.358791e-05	2001290253	8.714638e-06	
1.774579e+07	2	2.410443e-05	1	8.048419e-07	3.363387e-05	879162223	9.973025e-06	3884425642	1.768797e-08	
1.781185e+07	0	4.040749e-05	1	8.048419e-07	3.363387e-05	3884425642	9.421050e-06	
1.826907e+07	1	2.418415e-05	2	9.460796e-07	3.549626e-05	3913511150	8.714638e-06	
1.846208e+07	0	3.936508e-05	1	8.048419e-07	3.363387e-05	3884425642	9.421050e-06	
1.870495e+07	1	3.078482e-05	1	8.188419e-07	3.382777e-05	3888264012	8.714638e-06	
1.870627e+07	1	3.377880e-05	2	9.600796e-07	3.567049e-05	2962530363	8.714638e-06	
1.880041e+07	1	3.071923e-05	5	1.723004e-06	4.334797e-05	113	8.714638e-06	
1.911093e+07	0	1.029688e-05	2842015324	1.400000e-08	8.714638e-06	356405251	8.426117e-06	
1.914761e+07	0	3.692917e-05	2	9.600796e-07	3.567049e-05	2842015324	8.714638e-06	
1.951431e+07	1	9.491453e-06	1	8.328419e-07	3.401947e-05	310481256	8.714638e-06	
1.968559e+07	1	1.691292e-05	1	8.468419e-07	3.420903e-05	3375523036	8.714638e-06	
1.970742e+07	1	1.491013e-05	1	8.645299e-07	3.444557e-05	3884425642	9.421050e-06	
2.052515e+07	0	1.849589e-05	133	2.800000e-08	1.097976e-05	45	8.714638e-06	
2.078564e+07	3	1.683792e-05	99	1.400000e-08	8.714638e-06	41	1.097976e-05	1149406307	1.400000e-08	3528332227	1.400000e-08	4004407106	1.400000e-08	
2.087933e+07	3	1.361235e-05	3214077756	2.098267e-08	8.714638e-06	76	8.714638e-06	451270221	1.400000e-08	
2.169467e+07	1	2.498383e-05	5	1.737004e-06	4.346506e-05	3187199216	8.714638e-06	
2.191784e+07	1	3.283518e-05	2	9.740796e-07	3.584304e-05	2151269300	8.714638e-06	
2.250617e+07	4	9.551704e-06	47	1.400000e-08	8.714638e-06	356405251	8.426117e-06	3149440925	1.400000e-08	2250775120	1.400000e-08	
2.287019e+07	1	2.617715e-05	2	9.880796e-07	3.601394e-05	2842015324	8.714638e-06	
2.336316e+07	0	4.390670e-05	2	9.880796e-07	3.601394e-05	451270221	8.714638e-06	
2.384803e+07	1	1.256995e-05	14	3.786620e-07	2.615917e-05	1211996162	8.849893e-06	
2.397270e+07	0	4.873811e-05	5	1.737004e-06	4.346506e-05	1945735688	8.714638e-06	
2.400171e+07	1	9.878744e-02	0	1.000000e+00	1.000000e-01	125	1.097976e-05	
2.439790e+07	1	2.926002e-05	5	1.751011e-06	4.358158e-05	2211003714	8.716061e-06	
2.476226e+07	1	2.844363e-06	6	1.315979e-06	3.962382e-05	95	1.097976e-05	
2.480355e+07	1	2.322378e-05	13	5.802241e-07	3.015819e-05	99	8.714638e-06	
2.480969e+07	1	9.849146e-02	0	1.000000e+00	1.000000e-01	87	1.097976e-05	
2.533612e+07	1	9.891170e-02	0	1.000000e+00	1.000000e-01	115	1.097976e-05	
2.543522e+07	1	2.749483e-05	5	1.765011e-06	4.369742e-05	1945735688	8.714638e-06	
2.568405e+07	1	8.645884e-02	0	1.000000e+00	1.000000e-01	140	1.097976e-05	
2.591755e+07	0	1.901864e-05	148	2.800000e-08	1.097976e-05	54	1.097976e-05	
2.716468e+07	0	1.969642e-05	141	2.800000e-08	1.097976e-05	100	1.097976e-05	
2.822850e+07	1	9.971860e-02	0	1.000000e+00	1.000000e-01	45	8.714638e-06	
2.872673e+07	0	1.007683e-05	89	1.400000e-08	8.714638e-06	47	8.714638e-06	
2.896867e+07	1	2.398043e-05	1	8.785299e-07	3.463051e-05	451270221	8.714638e-06	
2.900002e+07	1	1.644232e-05	6	1.329979e-06	3.976384e-05	58	8.714638e-06	
2.942060e+07	1	1.064806e-05	5	1.793011e-06	4.392728e-05	107	1.097976e-05	
2.952036e+07	2	2.931654e-05	1	8.827180e-07	3.468545e-05	49	1.097976e-05	1130108289	2.381186e-08	
2.952176e+07	0	4.397751e-05	1	8.827180e-07	3.468545e-05	1130108289	1.040250e-05	
2.955151e+07	1	3.215353e-05	1	9.065299e-07	3.499457e-05	1130108289	1.040250e-05	
2.965342e+07	0	4.113411e-05	6	1.329979e-06	3.976384e-05	2215785330	8.714638e-06	
2.971414e+07	0	1.809306e-05	138	5.600000e-08	1.383363e-05	3491092596	8.714638e-06	
3.019909e+07	3	1.052155e-05	54	2.647804e-08	9.348443e-06	821115011	8.714638e-06	2177968201	1.728215e-08	
3.035610e+07	0	3.840651e-05	13	5.802241e-07	3.015819e-05	127	1.097976e-05	
3.060495e+07	1	1.712944e-05	2	1.002080e-06	3.618324e-05	3593732192	8.714638e-06	
3.077121e+07	1	3.969797e-05	6	1.343979e-06	3.990288e-05	1738909006	8.623953e-06	
3.085391e+07	1	9.843321e-02	0	1.000000e+00	1.000000e-01	47	8.714638e-06	
3.240282e+07	1	3.422616e-05	6	1.357979e-06	4.004095e-05	4004407106	8.714638e-06	
3.304204e+07	1	2.792418e-05	13	6.082241e-07	3.063570e-05	133	1.097976e-05	
3.344364e+07	0	4.010846e-05	13	6.082241e-07	3.063570e-05	103	1.097976e-05	
3.451306e+07	1	9.983335e-02	0	1.000000e+00	1.000000e-01	3083352544	8.714638e-06	
3.451525e+07	1	9.970068e-02	0	1.000000e+00	1.000000e-01	141	1.097976e-05	
3.481961e+07	1	2.103614e-05	6	1.384457e-06	4.029952e-05	54	9.348443e-06	
3.497014e+07	1	2.889688e-05	1	9.205299e-07	3.517380e-05	89	8.714638e-06	
3.508367e+07	0	4.814383e-05	5	1.793011e-06	4.392728e-05	1172086036	8.826433e-06	
3.578787e+07	0	4.039315e-05	2	1.002080e-06	3.618324e-05	2215785330	8.714638e-06	
3.581982e+07	1	9.901767e-02	0	1.000000e+00	1.000000e-01	2215785330	8.714638e-06	
3.605458e+07	1	4.164919e-05	5	1.821011e-06	4.415476e-05	146	1.097976e-05	
3.677647e+07	0	4.138863e-05	13	6.082241e-07	3.063570e-05	142	1.097976e-05	
3.705303e+07	1	9.925978e-02	0	1.000000e+00	1.000000e-01	611212867	9.140618e-06	
3.744131e+07	0	4.115193e-05	1	9.205299e-07	3.517380e-05	3214077756	8.714638e-06	
3.768773e+07	1	2.934467e-05	1	9.415125e-07	3.543905e-05	3214077756	8.714638e-06	
3.815150e+07	3	1.258434e-05	109	1.400000e-08	8.714638e-06	3491092596	8.714638e-06	2914302410	1.400000e-08	3655816389	1.400000e-08	
4.149046e+07	1	3.216137e-05	6	1.412457e-06	4.056939e-05	71	1.097976e-05	
4.185309e+07	3	4.467138e-06	143	2.369002e-08	8.714638e-06	2914302410	8.714638e-06	3485819286	1.400000e-08	
4.243769e+07	3	1.447540e-05	138	3.518679e-08	1.184859e-05	2138100036	9.026063e-06	1382686479	1.818420e-08	1803925302	1.818420e-08	
4.264587e+07	0	3.762672e-05	13	6.082241e-07	3.063570e-05	134	1.097976e-05	
4.430442e+07	1	9.986856e-02	0	1.000000e+00	1.000000e-01	1452489764	9.026063e-06	
4.501324e+07	1	2.342544e-05	5	1.839195e-06	4.430125e-05	1803925302	9.508340e-06	
4.599967e+07	1	9.945008e-02	0	1.000001e+00	1.000000e-01	3396227953	8.714638e-06	
4.622723e+07	1	9.941614e-02	0	1.000001e+00	1.000000e-01	84	1.097976e-05	
4.648471e+07	4	2.075410e-06	3528332227	1.400000e-08	8.714638e-06	3303338876	8.714638e-06	3293059020	1.400000e-08	
4.657428e+07	3	1.439114e-05	138	1.400000e-08	8.714638e-06	134	1.097976e-05	378125977	1.639560e-08	2159618959	1.639560e-08	2441325815	1.639560e-08	
4.675339e+07	1	3.251240e-05	2	1.018475e-06	3.637951e-05	2159618959	9.185774e-06	
4.724304e+07	3	9.452680e-06	378125977	1.639560e-08	8.714638e-06	1149406307	8.714638e-06	3401497744	1.400000e-08	
4.725111e+07	1	9.999559e-02	0	1.000001e+00	1.000000e-01	2029773149	8.564657e-06	
4.764875e+07	0	1.719837e-05	72	2.800000e-08	1.097976e-05	3401497744	8.714638e-06	
4.766911e+07	1	1.695890e-05	1	9.555125e-07	3.561384e-05	2250775120	8.714638e-06	
4.858691e+07	1	9.947314e-02	0	1.000001e+00	1.000000e-01	92	1.097976e-05	
5.082275e+07	1	1.932563e-05	1	9.695125e-07	3.578693e-05	3528332227	8.714638e-06	
5.083264e+07	0	4.128076e-05	6	1.412457e-06	4.056939e-05	103	1.097976e-05	
5.137183e+07	1	1.844696e-05	5	1.855591e-06	4.443250e-05	2441325815	9.185774e-06	
5.290100e+07	0	4.036851e-05	1	9.695125e-07	3.578693e-05	378125977	8.714638e-06	
5.417299e+07	0	4.341412e-05	1	9.695125e-07	3.578693e-05	378125977	8.714638e-06	
5.426888e+07	1	9.988350e-02	0	1.000001e+00	1.000000e-01	3293059020	8.714638e-06	
5.435754e+07	1	2.755299e-05	6	1.430642e-06	4.074275e-05	1382686479	9.508340e-06	
5.486134e+07	1	9.961433e-02	0	1.000001e+00	1.000000e-01	1471982444	8.714638e-06	
5.679379e+07	1	1.784385e-05	14	3.926689e-07	2.647782e-05	2916276788	8.716061e-06	
5.845693e+07	1	3.113979e-05	1	9.835125e-07	3.595837e-05	375852842	8.714638e-06	
5.929475e+07	1	9.935572e-02	0	1.000001e+00	1.000000e-01	148	1.097976e-05	
6.019836e+07	1	1.012720e-05	5	1.869591e-06	4.454396e-05	3401497744	8.714638e-06	
6.227220e+07	1	9.952416e-02	0	1.000001e+00	1.000000e-01	150	1.097976e-05	
6.286557e+07	1	3.628205e-05	6	1.458642e-06	4.100683e-05	152	1.097976e-05	
6.387607e+07	0	3.360216e-05	14	3.926689e-07	2.647782e-05	104	1.097976e-05	
6.451440e+07	0	4.139099e-05	1	9.835125e-07	3.595837e-05	378125977	8.714638e-06	
6.455803e+07	1	9.999061e-02	0	1.000001e+00	1.000000e-01	4198169764	8.714638e-06	
6.619037e+07	1	2.469670e-05	1	9.999081e-07	3.615708e-05	378125977	8.714638e-06	
6.721562e+07	1	9.973400e-02	0	1.000001e+00	1.000000e-01	3655816389	8.714638e-06	
7.017980e+07	1	9.874281e-02	0	1.000001e+00	1.000000e-01	151	1.097976e-05	
7.044607e+07	1	9.950762e-02	0	1.000001e+00	1.000000e-01	139	1.097976e-05	
7.205789e+07	1	9.848970e-02	0	1.000001e+00	1.000000e-01	112	1.097976e-05	
7.273230e+07	1	9.987446e-02	0	1.000001e+00	1.000000e-01	81	1.097976e-05	
7.509856e+07	1	9.895311e-02	0	1.000001e+00	1.000000e-01	131	8.714638e-06	
7.957008e+07	1	9.987184e-02	0	1.000001e+00	1.000000e-01	4093093422	8.714638e-06	
8.539377e+07	1	9.961026e-02	0	1.000001e+00	1.000000e-01	2328232000	8.714638e-06	
8.836320e+07	1	9.952854e-02	0	1.000001e+00	1.000000e-01	127	1.097976e-05	
8.852243e+07	1	3.750786e-05	6	1.472642e-06	4.113761e-05	3485819286	8.714638e-06	
9.276368e+07	0	4.894820e-05	6	1.472642e-06	4.113761e-05	72	1.097976e-05	
9.349154e+07	1	9.941653e-02	0	1.000001e+00	1.000000e-01	109	8.714638e-06	
9.355152e+07	1	9.900880e-02	0	1.000001e+00	1.000000e-01	147	1.097976e-05	
9.789912e+07	1	9.832070e-02	0	1.000001e+00	1.000000e-01	3696843781	8.426117e-06	
1.000853e+08	0	4.844334e-05	5	1.869591e-06	4.454396e-05	142	1.097976e-05	
1.053533e+08	1	4.018341e-05	6	1.486642e-06	4.126756e-05	3414514926	8.714638e-06	
1.067894e+08	3	1.899503e-05	1	9.841186e-07	3.596575e-05	2177968201	9.348443e-06	4069401935	1.653585e-08	134948105	1.653585e-08	
1.069177e+08	1	2.613376e-05	1	1.000654e-06	3.616608e-05	134948105	9.211892e-06	
1.071272e+08	1	9.948329e-02	0	1.000001e+00	1.000000e-01	100	1.097976e-05	
1.106808e+08	1	3.856723e-05	6	1.514642e-06	4.152503e-05	132	1.097976e-05	
1.144067e+08	0	4.942869e-05	5	1.869591e-06	4.454396e-05	4069401935	9.211892e-06	
1.144183e+08	1	3.289626e-05	1	1.028654e-06	3.650031e-05	142	1.097976e-05	
