8.823908e+02	0	1.861929e-05	45	2.800000e-08	1.097976e-05	42	1.097976e-05	
1.480123e+03	1	7.560632e-06	60	5.600000e-08	1.383363e-05	56	1.097976e-05	
5.138185e+03	0	1.751237e-05	72	2.800000e-08	1.097976e-05	65	1.097976e-05	
6.616849e+03	1	1.821817e-05	5	3.080000e-07	2.441876e-05	63	1.097976e-05	
7.104234e+03	1	1.576634e-05	5	3.360000e-07	2.513737e-05	44	1.097976e-05	
7.393439e+03	1	3.148669e-05	8	3.080000e-07	2.441876e-05	103	1.097976e-05	
1.229235e+04	0	1.781394e-05	43	2.800000e-08	1.097976e-05	41	1.097976e-05	
1.274357e+04	1	1.198791e-05	7	3.080000e-07	2.441876e-05	82	1.097976e-05	
1.323080e+04	1	9.629102e-06	31	5.600000e-08	1.383363e-05	28	1.097976e-05	
1.415260e+04	1	1.698527e-05	12	3.080000e-07	2.441876e-05	86	1.097976e-05	
1.616868e+04	1	2.439749e-05	1	3.080000e-07	2.441876e-05	26	1.097976e-05	
2.288940e+04	1	1.527876e-05	1	3.360000e-07	2.513737e-05	22	1.097976e-05	
3.006892e+04	1	1.787575e-05	14	3.080000e-07	2.441876e-05	131	1.097976e-05	
3.045827e+04	1	1.096714e-05	4	3.080000e-07	2.441876e-05	65	1.097976e-05	
3.550317e+04	1	1.776418e-05	13	3.080000e-07	2.441876e-05	98	1.097976e-05	
4.011238e+04	0	3.224648e-05	3	2.800000e-07	2.365517e-05	46	1.097976e-05	
4.441131e+04	0	1.129578e-05	101	2.800000e-08	1.097976e-05	83	1.097976e-05	
4.790566e+04	1	2.709616e-06	29	5.600000e-08	1.383363e-05	27	1.097976e-05	
5.226453e+04	1	5.639139e-06	150	5.600000e-08	1.383363e-05	149	1.097976e-05	
1.112514e+05	2	5.941551e-06	67	3.952728e-08	1.231702e-05	59	1.097976e-05	3687573659	1.647272e-08	
1.216774e+05	1	6.917075e-06	84	5.600000e-08	1.383363e-05	81	1.097976e-05	
1.339713e+05	1	1.313158e-05	6	3.080000e-07	2.441876e-05	73	1.097976e-05	
1.576172e+05	0	2.093492e-05	121	2.800000e-08	1.097976e-05	112	1.097976e-05	
1.597534e+05	1	2.178643e-05	1	3.640000e-07	2.581708e-05	21	1.097976e-05	
1.843872e+05	0	1.282178e-05	72	2.800000e-08	1.097976e-05	49	1.097976e-05	
2.036797e+05	0	1.293949e-05	20	2.800000e-08	1.097976e-05	16	1.097976e-05	
2.124413e+05	0	1.727521e-05	16	2.800000e-08	1.097976e-05	15	1.097976e-05	
2.581126e+05	0	2.937888e-05	2	2.800000e-07	2.365517e-05	35	1.097976e-05	
2.670012e+05	0	3.507078e-05	5	3.360000e-07	2.513737e-05	77	1.097976e-05	
2.785353e+05	2	1.604334e-05	6	3.469168e-07	2.540671e-05	84	1.383363e-05	3196256300	1.708320e-08	
2.827094e+05	0	2.018464e-05	31	5.600000e-08	1.383363e-05	24	1.097976e-05	
2.888186e+05	0	2.477641e-05	2	2.800000e-07	2.365517e-05	24	1.097976e-05	
2.971150e+05	4	6.864943e-06	85	1.400000e-08	8.714638e-06	52	1.097976e-05	848448836	1.400000e-08	2211003714	1.400000e-08	2916276788	1.400000e-08	
2.971150e+05	1	3.881814e-09	2211003714	2.800000e-08	1.097976e-05	848448836	8.714638e-06	
2.971150e+05	1	3.492854e-09	2211003714	4.200000e-08	1.256868e-05	2916276788	8.714638e-06	
3.007477e+05	1	2.765766e-05	5	6.160000e-07	3.076571e-05	3	2.365517e-05	
3.158794e+05	0	3.364535e-05	5	6.160000e-07	3.076571e-05	70	1.097976e-05	
3.303407e+05	1	2.452140e-05	6	3.749168e-07	2.607264e-05	80	1.097976e-05	
3.547269e+05	1	1.033760e-05	5	6.330832e-07	3.104752e-05	3196256300	9.312432e-06	
3.565071e+05	0	1.134552e-05	102	2.800000e-08	1.097976e-05	71	1.097976e-05	
3.662694e+05	0	1.444858e-05	31	5.600000e-08	1.383363e-05	30	1.097976e-05	
3.742305e+05	0	1.533243e-05	51	2.800000e-08	1.097976e-05	47	1.097976e-05	
3.909519e+05	1	1.573575e-05	1	3.920000e-07	2.646277e-05	19	1.097976e-05	
4.152413e+05	0	1.360626e-05	77	2.800000e-08	1.097976e-05	57	1.097976e-05	
4.433398e+05	1	2.405636e-05	7	3.360000e-07	2.513737e-05	79	1.097976e-05	
5.038983e+05	1	2.439893e-05	1	4.200000e-07	2.707841e-05	25	1.097976e-05	
5.277802e+05	2	1.146497e-05	29	6.724974e-08	1.470405e-05	35	1.097976e-05	3696193412	1.675026e-08	
5.344720e+05	0	1.239951e-05	93	2.800000e-08	1.097976e-05	90	1.097976e-05	
6.957135e+05	3	7.847533e-06	75	1.400000e-08	8.714638e-06	43	1.097976e-05	15308464	1.400000e-08	1239307652	1.400000e-08	1945448119	1.400000e-08	
6.957135e+05	1	6.101370e-09	1239307652	2.800000e-08	1.097976e-05	15308464	8.714638e-06	
6.957135e+05	1	5.284282e-09	1239307652	4.200000e-08	1.256868e-05	1945448119	8.714638e-06	
7.399498e+05	0	1.693138e-05	70	2.800000e-08	1.097976e-05	3696193412	9.251536e-06	
7.590287e+05	1	2.687537e-05	13	3.360000e-07	2.513737e-05	115	1.097976e-05	
7.612227e+05	0	1.951716e-05	31	5.600000e-08	1.383363e-05	61	1.097976e-05	
8.219829e+05	3	9.709983e-06	91	1.400000e-08	8.714638e-06	75	8.714638e-06	3396227953	1.400000e-08	3321237907	1.400000e-08	
9.258259e+05	1	9.101902e-06	1	4.480000e-07	2.766725e-05	20	1.097976e-05	
1.153810e+06	0	3.056379e-05	1	4.480000e-07	2.766725e-05	61	1.097976e-05	
1.193829e+06	2	7.565312e-06	2	3.151732e-07	2.460687e-05	31	1.383363e-05	3187199216	2.082680e-08	
1.206872e+06	2	1.929685e-05	2	3.284407e-07	2.494742e-05	66	1.097976e-05	3330100144	1.473251e-08	
1.376181e+06	1	2.003333e-05	4	3.360000e-07	2.513737e-05	55	1.097976e-05	
1.431786e+06	1	1.907541e-05	5	6.610832e-07	3.149866e-05	120	1.097976e-05	
1.561976e+06	2	1.350043e-06	6	4.019545e-07	2.668490e-05	60	1.383363e-05	310481256	1.448116e-08	817087088	1.448116e-08	
1.707881e+06	1	1.007077e-05	2	3.492675e-07	2.546397e-05	3187199216	9.948269e-06	
1.710882e+06	1	4.889122e-05	5	9.970832e-07	3.612300e-05	7	2.513737e-05	
1.741765e+06	0	3.522759e-05	1	4.480000e-07	2.766725e-05	23	1.097976e-05	
1.830584e+06	0	1.484031e-05	121	2.800000e-08	1.097976e-05	3321237907	8.714638e-06	
1.844472e+06	0	2.825933e-05	1	4.480000e-07	2.766725e-05	3321237907	8.714638e-06	
1.869269e+06	0	1.625549e-05	37	2.800000e-08	1.097976e-05	3321237907	8.714638e-06	
1.925520e+06	0	1.812789e-05	30	2.800000e-08	1.097976e-05	24	1.097976e-05	
2.092482e+06	0	2.589524e-05	2	3.492675e-07	2.546397e-05	32	1.097976e-05	
2.092482e+06	1	2.534032e-05	2	3.772675e-07	2.612702e-05	32	1.097976e-05	
2.108789e+06	1	1.852554e-05	12	3.360000e-07	2.513737e-05	46	1.097976e-05	
2.186116e+06	0	2.969154e-05	12	3.360000e-07	2.513737e-05	91	8.714638e-06	
2.315601e+06	0	2.966372e-05	8	3.080000e-07	2.441876e-05	111	1.097976e-05	
2.371017e+06	1	7.859174e-06	6	4.299545e-07	2.729067e-05	102	1.097976e-05	
2.815641e+06	2	2.386551e-05	4	5.141246e-07	2.896651e-05	11	2.365517e-05	551137729	1.455363e-08	1218250404	1.455363e-08	1035956119	1.455363e-08	1211996162	1.455363e-08	188552836	1.455363e-08	2029773149	1.455363e-08	302486611	1.455363e-08	
2.817269e+06	1	2.788388e-05	4	5.286782e-07	2.923729e-05	551137729	8.828030e-06	
2.826072e+06	1	1.782499e-05	4	5.432318e-07	2.950315e-05	1218250404	8.828030e-06	
2.887320e+06	0	2.667210e-05	2	3.772675e-07	2.612702e-05	3396227953	8.714638e-06	
3.655423e+06	1	2.303499e-05	9	3.080000e-07	2.441876e-05	117	1.097976e-05	
3.758527e+06	0	4.232474e-05	5	9.970832e-07	3.612300e-05	95	1.097976e-05	
3.839692e+06	1	3.714283e-05	4	8.232318e-07	3.388811e-05	10	2.365517e-05	
3.840403e+06	0	2.780170e-05	2	3.772675e-07	2.612702e-05	48	1.097976e-05	
3.874293e+06	0	1.380911e-05	133	2.800000e-08	1.097976e-05	90	1.097976e-05	
3.886281e+06	0	2.007993e-05	42	2.800000e-08	1.097976e-05	34	1.097976e-05	
4.027332e+06	0	1.784186e-05	49	2.800000e-08	1.097976e-05	39	1.097976e-05	
4.073726e+06	2	1.082086e-05	1	4.618845e-07	2.795017e-05	36	1.097976e-05	1842102965	1.411546e-08	
4.229301e+06	0	2.956855e-05	1	4.618845e-07	2.795017e-05	1842102965	8.738529e-06	
4.319803e+06	3	1.325151e-05	40	1.400000e-08	8.714638e-06	18	1.097976e-05	1285693762	1.400000e-08	1078741991	1.400000e-08	2723643411	1.400000e-08	
4.319803e+06	1	2.513439e-08	1078741991	2.800000e-08	1.097976e-05	1285693762	8.714638e-06	
4.319803e+06	1	2.178291e-08	1078741991	4.200000e-08	1.256868e-05	2723643411	8.714638e-06	
4.328389e+06	3	1.436701e-05	132	1.400000e-08	8.714638e-06	50	1.097976e-05	1804212609	1.400000e-08	438292632	1.400000e-08	2001290253	1.400000e-08	
4.479376e+06	0	3.867570e-05	5	9.970832e-07	3.612300e-05	77	1.097976e-05	
4.578315e+06	3	1.340580e-05	29	5.214554e-08	1.350866e-05	3321237907	8.714638e-06	3147695692	1.455210e-08	3179285865	1.455210e-08	
4.631162e+06	2	1.382915e-05	29	6.162244e-08	1.428191e-05	1078741991	1.256868e-05	2173231515	1.400000e-08	740082705	1.852309e-08	
4.657020e+06	4	9.318212e-06	94	1.400000e-08	8.714638e-06	15	1.097976e-05	2795063678	1.400000e-08	3642829293	1.400000e-08	2707128518	1.400000e-08	
4.713728e+06	3	1.375045e-05	29	5.145859e-08	1.344908e-05	3179285865	8.827721e-06	474866315	2.471596e-08	
4.765872e+06	3	4.681496e-06	72	1.400000e-08	8.714638e-06	3330100144	8.864051e-06	1639799867	1.436626e-08	1026028388	1.436626e-08	
4.765872e+06	1	1.688734e-05	1026028388	2.836626e-08	1.102742e-05	72	8.714638e-06	
4.765872e+06	1	1.498767e-05	1026028388	4.273251e-08	1.264133e-05	1639799867	8.789980e-06	
4.767065e+06	1	9.253586e-07	1	4.764366e-07	2.824067e-05	3147695692	8.827721e-06	
4.896023e+06	3	1.545765e-05	48	2.341851e-08	1.034490e-05	34	1.097976e-05	1128056158	1.629074e-08	2909632847	1.629074e-08	
4.961286e+06	0	3.874692e-05	4	8.232318e-07	3.388811e-05	89	1.097976e-05	
4.976406e+06	1	2.423758e-05	1	4.904366e-07	2.851462e-05	2795063678	8.714638e-06	
4.984395e+06	1	8.634478e-06	140	5.600000e-08	1.383363e-05	116	1.097976e-05	
5.046478e+06	2	1.400075e-05	1	5.031743e-07	2.875938e-05	23	1.097976e-05	937177227	1.526234e-08	
5.049075e+06	1	9.922138e-06	1	5.184366e-07	2.904726e-05	937177227	8.969062e-06	
5.095426e+06	1	1.504050e-05	12	3.640000e-07	2.581708e-05	64	1.097976e-05	
5.213951e+06	1	3.503296e-05	5	1.011637e-06	3.629790e-05	302486611	8.828030e-06	
5.403587e+06	1	2.264881e-05	2	4.052675e-07	2.675802e-05	57	1.097976e-05	
5.545869e+06	2	1.779077e-05	1	5.267993e-07	2.920262e-05	30	1.097976e-05	3393811039	1.963730e-08	
5.610283e+06	4	5.854107e-06	24	1.400000e-08	8.714638e-06	2707128518	8.714638e-06	611212867	1.400000e-08	1104410542	1.400000e-08	
5.761142e+06	1	2.552943e-05	1	5.547993e-07	2.971109e-05	16	1.097976e-05	
5.785751e+06	1	2.938388e-05	1	5.827993e-07	3.020274e-05	38	1.097976e-05	
5.965981e+06	4	6.613835e-06	77	1.400000e-08	8.714638e-06	70	1.097976e-05	2328232000	1.400000e-08	2999719241	1.400000e-08	1931993247	1.400000e-08	
5.965981e+06	1	3.506663e-09	1931993247	2.800000e-08	1.097976e-05	2999719241	8.714638e-06	
5.965981e+06	1	3.101961e-09	1931993247	4.200000e-08	1.256868e-05	2328232000	8.714638e-06	
5.978247e+06	3	1.067173e-05	29	3.456278e-08	1.177813e-05	1104410542	8.714638e-06	1494850122	1.544790e-08	3414514926	1.544790e-08	
5.984161e+06	1	8.248702e-06	29	5.001068e-08	1.332174e-05	3414514926	9.005266e-06	
6.059471e+06	1	6.657876e-06	29	6.545859e-08	1.457233e-05	1494850122	9.005266e-06	
6.127282e+06	3	1.645527e-05	29	1.400000e-08	8.714638e-06	69	1.097976e-05	2312786130	1.589172e-08	3537925318	1.589172e-08	1634407402	1.589172e-08	3869596591	1.589172e-08	3375523036	1.589172e-08	
6.127282e+06	1	4.353710e-10	1634407402	3.178343e-08	1.145355e-05	3537925318	9.090692e-06	
6.127282e+06	1	1.310286e-09	3375523036	3.178343e-08	1.145355e-05	2312786130	9.090692e-06	
6.127282e+06	1	2.443016e-09	1634407402	4.767515e-08	1.311105e-05	3869596591	9.090692e-06	
6.179497e+06	1	1.945769e-05	1	5.967993e-07	3.044267e-05	94	8.714638e-06	
6.187569e+06	1	2.360640e-05	9	3.360000e-07	2.513737e-05	110	1.097976e-05	
6.275213e+06	3	2.547957e-06	1	5.855736e-07	3.025059e-05	3642829293	8.714638e-06	772925454	2.522579e-08	
6.284980e+06	0	4.263616e-05	4	8.232318e-07	3.388811e-05	1035956119	8.828030e-06	
6.323368e+06	1	1.646926e-05	1	6.135736e-07	3.072526e-05	37	1.097976e-05	
6.450923e+06	0	3.043474e-05	2	4.052675e-07	2.675802e-05	1804212609	8.714638e-06	
6.482602e+06	0	3.275702e-05	2	4.052675e-07	2.675802e-05	740082705	9.567045e-06	
6.555032e+06	1	2.449061e-05	2	4.215582e-07	2.711185e-05	1128056158	9.166151e-06	
6.657069e+06	1	1.711562e-05	1	6.320966e-07	3.103139e-05	740082705	9.567045e-06	
7.092952e+06	0	3.906002e-05	5	1.011637e-06	3.629790e-05	121	1.097976e-05	
7.103815e+06	0	1.595439e-05	2909632847	1.629074e-08	9.166151e-06	1804212609	8.714638e-06	
7.178189e+06	0	1.474308e-05	76	2.800000e-08	1.097976e-05	39	1.097976e-05	
7.184291e+06	0	1.548809e-05	1634407402	4.767515e-08	1.311105e-05	2909632847	9.166151e-06	
7.279360e+06	4	8.099993e-06	54	1.400000e-08	8.714638e-06	474866315	1.053253e-05	2215785330	1.935798e-08	3491092596	1.935798e-08	
7.279360e+06	1	3.199329e-07	3491092596	3.871596e-08	1.223217e-05	2215785330	9.708676e-06	
7.301159e+06	0	1.758198e-05	1931993247	4.200000e-08	1.256868e-05	132	8.714638e-06	
7.313154e+06	2	6.180209e-06	1	6.458007e-07	3.125404e-05	1634407402	1.311105e-05	57770090	1.698557e-08	3071577057	1.698557e-08	
7.354253e+06	1	2.120690e-05	1	6.627862e-07	3.152568e-05	57770090	9.294658e-06	
7.404868e+06	1	2.759081e-05	1	6.797718e-07	3.179272e-05	3071577057	9.294658e-06	
7.544506e+06	0	3.330316e-05	1	6.797718e-07	3.179272e-05	611212867	8.714638e-06	
7.714347e+06	0	4.034948e-05	2	4.215582e-07	2.711185e-05	13	2.513737e-05	
7.769550e+06	0	1.764569e-05	3696193412	1.675026e-08	9.251536e-06	611212867	8.714638e-06	
7.789027e+06	1	9.998542e-02	0	1.000000e+00	1.000000e-01	611212867	8.714638e-06	
7.793434e+06	0	1.501476e-05	139	2.800000e-08	1.097976e-05	87	1.097976e-05	
7.798498e+06	0	3.684573e-05	4	8.232318e-07	3.388811e-05	47	1.097976e-05	
7.838283e+06	1	9.908284e-02	0	1.000000e+00	1.000000e-01	96	1.097976e-05	
7.957965e+06	3	1.110795e-05	83	1.400000e-08	8.714638e-06	68	1.097976e-05	1452489764	1.400000e-08	4260098875	1.400000e-08	3696843781	1.400000e-08	
7.957965e+06	1	2.097734e-11	4260098875	2.800000e-08	1.097976e-05	1452489764	8.714638e-06	
7.957965e+06	1	2.623088e-10	4260098875	4.200000e-08	1.256868e-05	3696843781	8.714638e-06	
7.972030e+06	1	9.307791e-06	4260098875	5.600000e-08	1.383363e-05	83	8.714638e-06	
8.044640e+06	1	1.286884e-05	4	8.512318e-07	3.426804e-05	141	1.097976e-05	
8.114827e+06	0	3.311013e-05	1	6.797718e-07	3.179272e-05	2909632847	9.166151e-06	
8.143988e+06	0	4.374299e-05	2	4.215582e-07	2.711185e-05	13	2.513737e-05	
8.171054e+06	1	9.996647e-02	0	1.000000e+00	1.000000e-01	2909632847	9.166151e-06	
8.202887e+06	3	1.040629e-05	2	4.154165e-07	2.697954e-05	3687573659	9.200154e-06	2138100036	2.261445e-08	
8.255158e+06	0	1.266171e-05	101	2.800000e-08	1.097976e-05	88	1.097976e-05	
8.363905e+06	1	3.166528e-05	4	8.792318e-07	3.463973e-05	42	1.097976e-05	
8.537334e+06	1	9.893665e-02	0	1.000000e+00	1.000000e-01	154	1.097976e-05	
8.974781e+06	0	3.471569e-05	1	6.797718e-07	3.179272e-05	772925454	1.060445e-05	
9.057175e+06	3	1.482224e-05	49	1.400000e-08	8.714638e-06	3396227953	8.714638e-06	1726701215	1.400000e-08	1412415798	1.400000e-08	
9.105144e+06	1	1.303512e-05	5	1.039637e-06	3.662974e-05	133	1.097976e-05	
9.349637e+06	3	1.560451e-05	78	1.400000e-08	8.714638e-06	1842102965	8.738529e-06	375852842	1.405773e-08	3593732192	1.405773e-08	
9.359476e+06	1	3.145358e-05	1	7.049976e-07	3.218122e-05	772925454	1.060445e-05	
9.369928e+06	2	2.711080e-05	1	7.058919e-07	3.219483e-05	3375523036	1.145355e-05	3888264012	1.544454e-08	313359544	1.544454e-08	
9.568616e+06	0	3.440691e-05	1	7.058919e-07	3.219483e-05	313359544	9.004612e-06	
9.577335e+06	1	3.069259e-05	1	7.213365e-07	3.242794e-05	313359544	9.004612e-06	
9.716808e+06	0	2.825568e-05	14	3.080000e-07	2.441876e-05	62	1.097976e-05	
9.729348e+06	0	3.084548e-05	12	3.640000e-07	2.581708e-05	47	1.097976e-05	
9.794740e+06	1	2.064380e-05	1	7.367810e-07	3.265774e-05	3888264012	9.004612e-06	
9.884908e+06	3	2.465605e-05	13	3.102092e-07	2.447700e-05	61	1.097976e-05	217284033	1.793027e-08	2151269300	1.793027e-08	3913511150	1.793027e-08	
9.895677e+06	1	2.319574e-05	13	3.281395e-07	2.493979e-05	3913511150	9.463874e-06	
9.966604e+06	2	1.099714e-05	14	3.241714e-07	2.483886e-05	140	1.383363e-05	2962530363	1.991428e-08	2063946235	1.991428e-08	
9.991435e+06	1	2.077657e-05	13	3.421972e-07	2.529097e-05	375852842	8.726600e-06	
1.012883e+07	0	3.922839e-05	4	8.792318e-07	3.463973e-05	89	1.097976e-05	
1.021285e+07	1	1.589270e-05	2	4.294165e-07	2.727928e-05	54	8.714638e-06	
1.023009e+07	0	1.846197e-05	1026028388	4.273251e-08	1.264133e-05	1035956119	8.828030e-06	
1.027831e+07	1	2.874525e-05	1	7.507810e-07	3.286329e-05	29	8.714638e-06	
1.031581e+07	3	1.624100e-05	76	1.400000e-08	8.714638e-06	33	1.097976e-05	1172086036	1.400000e-08	690117576	1.400000e-08	3288380490	1.400000e-08	
1.031581e+07	1	1.829299e-08	3288380490	2.800000e-08	1.097976e-05	1172086036	8.714638e-06	
1.031581e+07	1	1.281675e-08	3288380490	4.200000e-08	1.256868e-05	690117576	8.714638e-06	
1.095573e+07	1	2.325965e-05	13	3.601275e-07	2.572520e-05	2151269300	9.463874e-06	
1.120244e+07	0	2.987239e-05	13	3.601275e-07	2.572520e-05	217284033	9.463874e-06	
1.155980e+07	0	1.792413e-05	48	2.341851e-08	1.034490e-05	1412415798	8.714638e-06	
1.219035e+07	2	5.458114e-06	2	6.752529e-07	3.172212e-05	13	2.572520e-05	845665321	1.428638e-08	3122982648	1.428638e-08	1471982444	1.428638e-08	3303338876	1.428638e-08	2875471576	1.428638e-08	1738909006	1.428638e-08	356405251	1.428638e-08	2879167783	1.428638e-08	
1.227431e+07	0	3.226724e-05	2	6.752529e-07	3.172212e-05	3303338876	8.773658e-06	
1.238474e+07	1	2.113199e-05	2	6.895393e-07	3.194427e-05	3122982648	8.773658e-06	
1.260537e+07	1	3.224464e-05	1	7.647810e-07	3.306631e-05	40	8.714638e-06	
