6.447570e+03	1	4.533846e-05	5	5.600000e-07	2.980364e-05	4	2.365517e-05	
7.736429e+03	1	3.134253e-05	13	3.080000e-07	2.441876e-05	120	1.097976e-05	
1.133606e+04	1	8.710274e-06	85	5.600000e-08	1.383363e-05	82	1.097976e-05	
1.215962e+04	1	2.527382e-05	1	3.080000e-07	2.441876e-05	22	1.097976e-05	
2.774558e+04	1	2.836967e-05	9	3.080000e-07	2.441876e-05	73	1.097976e-05	
3.054366e+04	1	1.245156e-05	6	3.080000e-07	2.441876e-05	61	1.097976e-05	
6.162584e+04	1	3.312194e-05	5	5.880000e-07	3.029231e-05	76	1.097976e-05	
6.415856e+04	0	1.537643e-05	23	2.800000e-08	1.097976e-05	18	1.097976e-05	
6.893539e+04	1	1.855524e-05	134	5.600000e-08	1.383363e-05	133	1.097976e-05	
7.127104e+04	1	2.736212e-05	5	6.160000e-07	3.076571e-05	56	1.097976e-05	
8.150971e+04	1	2.319383e-05	1	3.360000e-07	2.513737e-05	20	1.097976e-05	
8.726331e+04	0	1.787455e-05	108	2.800000e-08	1.097976e-05	81	1.097976e-05	
9.673750e+04	1	2.465864e-05	8	3.080000e-07	2.441876e-05	69	1.097976e-05	
1.056876e+05	0	2.076224e-05	44	2.800000e-08	1.097976e-05	43	1.097976e-05	
1.295759e+05	1	2.725757e-05	10	3.080000e-07	2.441876e-05	84	1.097976e-05	
1.541209e+05	1	1.292108e-05	10	3.360000e-07	2.513737e-05	41	1.097976e-05	
1.557348e+05	1	3.336161e-05	2	3.080000e-07	2.441876e-05	35	1.097976e-05	
1.591756e+05	0	2.151237e-05	37	2.800000e-08	1.097976e-05	32	1.097976e-05	
2.438183e+05	0	3.151134e-05	6	3.080000e-07	2.441876e-05	43	1.097976e-05	
2.500651e+05	0	1.984947e-05	26	2.800000e-08	1.097976e-05	23	1.097976e-05	
2.528196e+05	1	4.388311e-06	18	5.600000e-08	1.383363e-05	16	1.097976e-05	
2.781716e+05	0	1.799143e-05	97	2.800000e-08	1.097976e-05	86	1.097976e-05	
2.954007e+05	1	2.139602e-05	12	3.080000e-07	2.441876e-05	43	1.097976e-05	
3.219700e+05	0	3.367523e-05	1	3.360000e-07	2.513737e-05	19	1.097976e-05	
3.425506e+05	0	2.993567e-05	1	3.360000e-07	2.513737e-05	21	1.097976e-05	
3.683596e+05	1	3.110453e-05	1	3.640000e-07	2.581708e-05	21	1.097976e-05	
3.828662e+05	1	1.069418e-05	30	5.600000e-08	1.383363e-05	29	1.097976e-05	
3.889392e+05	0	2.016731e-05	25	2.800000e-08	1.097976e-05	24	1.097976e-05	
3.952443e+05	1	1.354467e-05	13	3.360000e-07	2.513737e-05	102	1.097976e-05	
4.323123e+05	0	3.636608e-05	1	3.640000e-07	2.581708e-05	28	1.097976e-05	
4.382507e+05	1	1.213071e-05	14	3.080000e-07	2.441876e-05	141	1.097976e-05	
4.579153e+05	1	2.700096e-05	5	6.440000e-07	3.122496e-05	45	1.097976e-05	
4.816268e+05	1	1.522276e-05	1	4.200000e-07	2.707841e-05	30	1.383363e-05	
5.233408e+05	0	2.394714e-05	18	5.600000e-08	1.383363e-05	19	1.097976e-05	
5.378767e+05	0	2.061738e-05	18	5.600000e-08	1.383363e-05	26	1.097976e-05	
5.552269e+05	0	1.929739e-05	119	2.800000e-08	1.097976e-05	63	1.097976e-05	
5.986212e+05	1	2.540778e-05	8	3.360000e-07	2.513737e-05	91	1.097976e-05	
6.182612e+05	1	2.301960e-05	2	3.360000e-07	2.513737e-05	32	1.097976e-05	
6.716461e+05	1	2.511178e-05	2	3.640000e-07	2.581708e-05	28	1.097976e-05	
7.236164e+05	0	3.211971e-05	10	3.360000e-07	2.513737e-05	64	1.097976e-05	
8.029217e+05	1	2.615942e-05	14	3.360000e-07	2.513737e-05	144	1.097976e-05	
8.063610e+05	0	1.797374e-05	64	2.800000e-08	1.097976e-05	37	1.097976e-05	
8.085199e+05	0	3.341629e-05	13	3.360000e-07	2.513737e-05	105	1.097976e-05	
8.434338e+05	0	1.323411e-05	121	2.800000e-08	1.097976e-05	60	1.097976e-05	
8.550314e+05	1	1.948331e-05	2	3.920000e-07	2.646277e-05	25	1.097976e-05	
8.595924e+05	1	1.533163e-05	1	4.480000e-07	2.766725e-05	26	1.097976e-05	
8.632864e+05	0	2.091757e-05	59	2.800000e-08	1.097976e-05	42	1.097976e-05	
9.211613e+05	0	2.800901e-05	2	3.920000e-07	2.646277e-05	37	1.097976e-05	
9.333522e+05	1	1.170900e-05	5	6.720000e-07	3.167110e-05	39	1.097976e-05	
9.620816e+05	0	2.039324e-05	18	5.600000e-08	1.383363e-05	17	1.097976e-05	
9.732549e+05	0	3.527100e-05	13	3.360000e-07	2.513737e-05	138	1.097976e-05	
1.076459e+06	0	1.973394e-05	151	2.800000e-08	1.097976e-05	83	1.097976e-05	
1.078873e+06	4	4.199507e-06	18	1.400000e-08	8.714638e-06	19	1.097976e-05	3687573659	1.750000e-08	3196256300	1.750000e-08	848448836	1.750000e-08	2211003714	1.750000e-08	
1.105544e+06	1	6.325583e-06	848448836	3.500000e-08	1.182758e-05	3196256300	9.387559e-06	
1.147275e+06	4	4.861691e-06	67	1.400000e-08	8.714638e-06	58	1.097976e-05	2916276788	1.400000e-08	3696193412	1.400000e-08	15308464	1.400000e-08	
1.158373e+06	1	9.485671e-02	0	1.000000e+00	1.000000e-01	151	1.097976e-05	
1.167433e+06	1	1.441641e-05	12	3.360000e-07	2.513737e-05	62	1.097976e-05	
1.225340e+06	1	1.362831e-05	1	4.760000e-07	2.823204e-05	17	1.097976e-05	
1.248216e+06	0	1.480924e-05	87	2.800000e-08	1.097976e-05	3696193412	8.714638e-06	
1.291041e+06	1	9.986305e-02	0	1.000000e+00	1.000000e-01	154	1.097976e-05	
1.434373e+06	1	2.584781e-05	2	4.200000e-07	2.707841e-05	27	1.097976e-05	
1.511811e+06	0	1.297166e-05	132	2.800000e-08	1.097976e-05	130	1.097976e-05	
1.567754e+06	1	2.432004e-05	10	3.640000e-07	2.581708e-05	52	1.097976e-05	
1.591014e+06	0	4.022427e-05	5	6.720000e-07	3.167110e-05	71	1.097976e-05	
1.679080e+06	0	2.981756e-05	11	2.800000e-07	2.365517e-05	42	1.097976e-05	
1.712083e+06	1	9.499199e-02	0	1.000000e+00	1.000000e-01	153	1.097976e-05	
1.713795e+06	1	2.344291e-05	10	3.920000e-07	2.646277e-05	38	1.097976e-05	
1.714203e+06	0	3.605541e-05	14	3.360000e-07	2.513737e-05	101	1.097976e-05	
1.723212e+06	0	1.607362e-05	90	2.800000e-08	1.097976e-05	71	1.097976e-05	
1.783662e+06	0	1.924520e-05	15	2.800000e-08	1.097976e-05	2211003714	9.387559e-06	
1.819029e+06	0	1.986209e-05	93	2.800000e-08	1.097976e-05	44	1.097976e-05	
1.857727e+06	0	2.936658e-05	8	3.360000e-07	2.513737e-05	48	1.097976e-05	
1.870971e+06	0	3.099364e-05	1	4.760000e-07	2.823204e-05	3687573659	9.387559e-06	
1.872184e+06	1	1.785405e-05	7	3.080000e-07	2.441876e-05	63	1.097976e-05	
1.938213e+06	0	2.044904e-05	74	2.800000e-08	1.097976e-05	59	1.097976e-05	
1.964664e+06	1	1.851019e-05	12	3.500000e-07	2.548176e-05	2916276788	8.714638e-06	
2.035818e+06	0	4.185929e-05	5	6.720000e-07	3.167110e-05	87	1.097976e-05	
2.072287e+06	0	4.038279e-05	5	6.720000e-07	3.167110e-05	70	1.097976e-05	
2.108301e+06	2	2.736556e-05	5	9.212355e-07	3.518279e-05	7	2.441876e-05	1239307652	1.469114e-08	1945448119	1.469114e-08	3396227953	1.469114e-08	3321237907	1.469114e-08	
2.178931e+06	0	1.941792e-05	34	2.800000e-08	1.097976e-05	33	1.097976e-05	
2.340287e+06	2	5.252925e-06	1	4.775531e-07	2.826272e-05	2211003714	9.387559e-06	3187199216	1.594693e-08	
2.359485e+06	1	3.239091e-05	1	4.935000e-07	2.857387e-05	3187199216	9.101208e-06	
2.414274e+06	0	3.715802e-05	5	9.212355e-07	3.518279e-05	55	1.097976e-05	
2.503924e+06	0	3.332610e-05	10	3.920000e-07	2.646277e-05	70	1.097976e-05	
2.633095e+06	0	3.614661e-05	10	3.920000e-07	2.646277e-05	42	1.097976e-05	
2.634015e+06	0	2.031125e-05	848448836	3.500000e-08	1.182758e-05	15	1.097976e-05	
2.765524e+06	1	9.899790e-02	0	1.000000e+00	1.000000e-01	143	1.097976e-05	
2.853842e+06	1	2.275077e-05	1	5.215000e-07	2.910436e-05	15	1.097976e-05	
2.952029e+06	2	1.361383e-05	8	3.484180e-07	2.544330e-05	36	1.097976e-05	3330100144	1.558204e-08	
2.980289e+06	1	9.998216e-02	0	1.000000e+00	1.000000e-01	130	1.097976e-05	
3.121959e+06	1	1.498802e-05	10	4.200000e-07	2.707841e-05	37	1.097976e-05	
3.219586e+06	1	1.075797e-05	8	3.764180e-07	2.610739e-05	49	1.097976e-05	
3.249939e+06	0	2.028811e-05	68	2.800000e-08	1.097976e-05	64	1.097976e-05	
3.361456e+06	0	2.101532e-05	34	2.800000e-08	1.097976e-05	31	1.097976e-05	
3.361740e+06	1	2.160634e-05	12	3.780000e-07	2.614391e-05	87	1.097976e-05	
3.381284e+06	0	4.242873e-05	5	9.212355e-07	3.518279e-05	70	1.097976e-05	
3.425978e+06	3	1.195212e-05	106	1.400000e-08	8.714638e-06	40	1.097976e-05	310481256	1.400000e-08	817087088	1.400000e-08	551137729	1.400000e-08	
3.502082e+06	1	2.225778e-06	5	9.352355e-07	3.536011e-05	310481256	8.714638e-06	
3.713695e+06	0	1.675319e-05	124	2.800000e-08	1.097976e-05	113	1.097976e-05	
3.718069e+06	0	3.550301e-05	8	3.764180e-07	2.610739e-05	34	1.097976e-05	
3.896745e+06	3	1.333977e-05	74	1.400000e-08	8.714638e-06	3396227953	8.855746e-06	1218250404	1.434557e-08	1035956119	1.434557e-08	
3.929794e+06	0	3.234322e-05	2	4.200000e-07	2.707841e-05	44	1.097976e-05	
3.973467e+06	0	3.764147e-05	2	4.200000e-07	2.707841e-05	33	1.097976e-05	
4.045960e+06	3	1.666297e-05	11	2.609444e-07	2.310589e-05	107	1.097976e-05	1211996162	1.568520e-08	188552836	1.568520e-08	2029773149	1.568520e-08	
4.358255e+06	1	1.034281e-05	8	4.044180e-07	2.673931e-05	75	1.097976e-05	
4.361925e+06	1	1.914593e-05	5	9.632355e-07	3.570953e-05	50	1.097976e-05	
4.388024e+06	0	2.705257e-05	11	2.609444e-07	2.310589e-05	15308464	8.714638e-06	
4.406025e+06	1	4.381708e-05	13	6.440000e-07	3.122496e-05	9	2.441876e-05	
4.423036e+06	1	1.708322e-05	11	2.889444e-07	2.390441e-05	80	1.097976e-05	
4.451932e+06	3	1.330605e-05	1035956119	1.434557e-08	8.714638e-06	74	8.714638e-06	302486611	1.400000e-08	
4.460216e+06	1	5.534456e-05	5	1.383235e-06	4.028766e-05	10	2.707841e-05	
4.772209e+06	0	3.442832e-05	1	5.215000e-07	2.910436e-05	848448836	1.182758e-05	
4.797609e+06	0	3.625589e-05	1	5.215000e-07	2.910436e-05	848448836	1.182758e-05	
4.821214e+06	0	3.234488e-05	11	2.889444e-07	2.390441e-05	65	1.097976e-05	
4.876057e+06	3	1.618323e-05	44	2.388915e-08	9.495539e-06	817087088	8.714638e-06	1842102965	1.811085e-08	
5.020251e+06	1	3.730341e-05	5	1.401346e-06	4.046273e-05	1842102965	9.495539e-06	
5.133943e+06	1	2.598508e-05	5	1.417032e-06	4.061313e-05	1211996162	9.051142e-06	
5.191532e+06	1	2.580386e-05	5	1.431032e-06	4.074645e-05	302486611	8.714638e-06	
5.241549e+06	0	1.950175e-05	95	2.800000e-08	1.097976e-05	31	1.097976e-05	
5.401098e+06	3	1.233556e-05	92	1.400000e-08	8.714638e-06	88	1.097976e-05	1285693762	1.400000e-08	1078741991	1.400000e-08	2723643411	1.400000e-08	
5.572783e+06	1	2.347466e-05	1	5.390000e-07	2.942634e-05	3687573659	9.387559e-06	
5.605017e+06	0	2.015156e-05	77	2.800000e-08	1.097976e-05	24	1.097976e-05	
5.861986e+06	0	4.174506e-05	5	1.431032e-06	4.074645e-05	188552836	9.051142e-06	
5.930032e+06	0	1.545488e-05	127	2.800000e-08	1.097976e-05	3330100144	9.031254e-06	
6.042526e+06	0	3.732018e-05	2	4.200000e-07	2.707841e-05	848448836	1.182758e-05	
6.069978e+06	0	4.823943e-05	5	1.431032e-06	4.074645e-05	55	1.097976e-05	
6.332262e+06	1	2.638386e-05	1	5.530000e-07	2.967894e-05	18	8.714638e-06	
6.853378e+06	0	1.798845e-05	111	2.800000e-08	1.097976e-05	81	1.097976e-05	
7.196245e+06	0	3.531422e-05	2	4.200000e-07	2.707841e-05	42	1.097976e-05	
7.210093e+06	3	1.223501e-05	109	1.400000e-08	8.714638e-06	1035956119	8.714638e-06	1804212609	1.417278e-08	438292632	1.417278e-08	
7.337103e+06	2	1.852067e-05	12	5.185494e-07	2.904937e-05	3	2.365517e-05	2001290253	1.549451e-08	3147695692	1.549451e-08	3179285865	1.549451e-08	2173231515	1.549451e-08	740082705	1.549451e-08	2795063678	1.549451e-08	3642829293	1.549451e-08	2707128518	1.549451e-08	474866315	1.549451e-08	
7.428108e+06	0	1.614449e-05	83	2.800000e-08	1.097976e-05	66	1.097976e-05	
7.466219e+06	1	1.847496e-05	8	4.184180e-07	2.704436e-05	109	8.714638e-06	
7.471661e+06	3	1.039743e-05	122	2.653608e-08	9.289703e-06	740082705	9.014312e-06	1639799867	1.695842e-08	
7.514497e+06	0	3.642441e-05	1	5.530000e-07	2.967894e-05	24	1.097976e-05	
7.590845e+06	2	1.018428e-05	137	2.997849e-08	1.123250e-05	89	1.097976e-05	1026028388	2.602151e-08	
7.645893e+06	0	1.649091e-05	71	2.800000e-08	1.097976e-05	67	8.714638e-06	
7.757232e+06	2	1.976163e-05	2	4.328236e-07	2.735124e-05	77	1.097976e-05	1128056158	1.517638e-08	
7.773715e+06	1	2.663759e-05	5	1.445723e-06	4.088541e-05	1945448119	8.855746e-06	
7.788788e+06	1	2.392521e-05	12	5.465494e-07	2.956309e-05	127	1.097976e-05	
7.804822e+06	0	2.100682e-05	64	2.800000e-08	1.097976e-05	31	1.097976e-05	
7.833280e+06	3	1.370393e-05	97	1.400000e-08	8.714638e-06	1026028388	1.071480e-05	2909632847	2.001076e-08	937177227	2.001076e-08	
7.837590e+06	0	4.178931e-05	5	1.445723e-06	4.088541e-05	2707128518	9.014312e-06	
7.842788e+06	0	3.300344e-05	1	5.530000e-07	2.967894e-05	1128056158	8.952193e-06	
8.050231e+06	3	7.723605e-06	2	4.110304e-07	2.688425e-05	848448836	1.182758e-05	3393811039	1.419832e-08	611212867	1.419832e-08	1104410542	1.419832e-08	2328232000	1.419832e-08	
8.054534e+06	1	1.964085e-05	2	4.252287e-07	2.719031e-05	611212867	8.755594e-06	
8.117140e+06	3	5.557836e-06	2328232000	1.439663e-08	8.714638e-06	1104410542	8.755594e-06	2999719241	1.400000e-08	
8.331375e+06	0	4.692917e-05	5	1.445723e-06	4.088541e-05	3321237907	8.855746e-06	
8.425830e+06	3	1.408301e-05	44	2.165026e-08	8.349071e-06	15308464	8.714638e-06	1931993247	1.623889e-08	
8.482410e+06	0	1.762256e-05	42	2.800000e-08	1.097976e-05	1128056158	8.952193e-06	
8.921742e+06	0	3.404908e-05	2	4.252287e-07	2.719031e-05	23	1.097976e-05	
9.246335e+06	0	2.891866e-05	8	4.184180e-07	2.704436e-05	123	1.097976e-05	
9.287633e+06	1	2.906485e-05	13	6.720000e-07	3.167110e-05	65	1.097976e-05	
9.347553e+06	4	2.249715e-06	136	1.400000e-08	8.714638e-06	129	1.097976e-05	1494850122	1.400000e-08	3414514926	1.400000e-08	2312786130	1.400000e-08	
9.489446e+06	1	3.056421e-05	5	1.473723e-06	4.114767e-05	31	1.097976e-05	
9.493571e+06	3	3.861988e-06	85	1.400000e-08	8.714638e-06	115	1.097976e-05	3537925318	1.750000e-08	1634407402	1.750000e-08	3869596591	1.750000e-08	3375523036	1.750000e-08	
9.643082e+06	1	6.480577e-06	71	5.600000e-08	1.383363e-05	24	1.097976e-05	
9.656459e+06	0	1.751483e-05	3642829293	1.549451e-08	9.014312e-06	67	8.714638e-06	
9.843417e+06	0	3.135770e-05	12	5.465494e-07	2.956309e-05	85	8.714638e-06	
9.887647e+06	1	2.342875e-05	1	5.810000e-07	3.017163e-05	34	1.097976e-05	
9.986595e+06	0	3.641671e-05	12	5.465494e-07	2.956309e-05	119	1.097976e-05	
1.036793e+07	1	1.240172e-05	5	1.487723e-06	4.127756e-05	67	8.714638e-06	
1.064732e+07	1	1.014101e-05	5	1.515723e-06	4.153491e-05	83	1.097976e-05	
1.068880e+07	0	3.606092e-05	2	4.252287e-07	2.719031e-05	60	1.097976e-05	
1.069261e+07	1	3.745211e-05	5	1.530414e-06	4.166867e-05	3321237907	8.855746e-06	
1.070844e+07	1	2.543070e-05	12	5.730855e-07	3.003400e-05	122	9.289703e-06	
1.072541e+07	1	2.220867e-05	5	1.545908e-06	4.180882e-05	474866315	9.014312e-06	
1.075091e+07	4	7.834918e-06	78	1.400000e-08	8.714638e-06	46	1.097976e-05	772925454	1.400000e-08	2215785330	1.400000e-08	3491092596	1.400000e-08	
1.099249e+07	0	3.565121e-05	1	5.810000e-07	3.017163e-05	2328232000	8.714638e-06	
1.103950e+07	1	2.519022e-05	1	5.961764e-07	3.043208e-05	1128056158	8.952193e-06	
1.104621e+07	0	3.326911e-05	1	5.961764e-07	3.043208e-05	60	1.097976e-05	
1.106995e+07	0	3.436141e-05	2	4.252287e-07	2.719031e-05	60	1.097976e-05	
1.111349e+07	0	3.147270e-05	1	5.961764e-07	3.043208e-05	2328232000	8.714638e-06	
1.111354e+07	1	2.625131e-05	1	6.105730e-07	3.067509e-05	2328232000	8.714638e-06	
1.118179e+07	0	2.190218e-05	71	5.600000e-08	1.383363e-05	1804212609	8.750343e-06	
1.124083e+07	1	4.023511e-05	5	1.567559e-06	4.200309e-05	44	8.349071e-06	
1.137302e+07	4	5.655715e-06	438292632	1.417278e-08	8.714638e-06	1078741991	8.714638e-06	57770090	1.400000e-08	
1.138911e+07	1	2.585180e-05	5	1.583244e-06	4.214272e-05	188552836	9.051142e-06	
1.146114e+07	0	1.671346e-05	3393811039	1.419832e-08	8.755594e-06	2723643411	8.714638e-06	
1.184388e+07	0	3.455073e-05	1	6.105730e-07	3.067509e-05	106	8.714638e-06	
1.200562e+07	0	4.239462e-05	5	1.583244e-06	4.214272e-05	772925454	8.714638e-06	
1.226906e+07	0	5.048020e-05	5	1.583244e-06	4.214272e-05	123	1.097976e-05	
1.240837e+07	1	2.869098e-05	13	7.000000e-07	3.210500e-05	66	1.097976e-05	
1.249258e+07	1	2.441993e-05	5	1.611244e-06	4.238971e-05	123	1.097976e-05	
1.270839e+07	0	1.122765e-05	2999719241	1.400000e-08	8.714638e-06	85	8.714638e-06	
1.295335e+07	1	9.999934e-02	0	1.000000e+00	1.000000e-01	60	1.097976e-05	
1.296880e+07	1	3.403668e-05	5	1.625244e-06	4.251213e-05	57770090	8.714638e-06	
1.299525e+07	0	1.420567e-05	95	2.800000e-08	1.097976e-05	51	1.097976e-05	
1.323643e+07	0	2.885623e-05	8	4.184180e-07	2.704436e-05	124	1.097976e-05	
1.326087e+07	1	3.362516e-05	5	1.653244e-06	4.275487e-05	93	1.097976e-05	
1.346408e+07	4	7.297838e-06	2029773149	1.588352e-08	8.714638e-06	3393811039	8.755594e-06	3071577057	1.400000e-08	
1.351739e+07	0	2.955100e-05	11	2.889444e-07	2.390441e-05	128	1.097976e-05	
1.441317e+07	4	1.080636e-05	112	1.400000e-08	8.714638e-06	2723643411	8.714638e-06	1452489764	1.400000e-08	4260098875	1.400000e-08	
1.447745e+07	0	3.189625e-05	1	6.105730e-07	3.067509e-05	64	1.097976e-05	
1.471663e+07	1	1.548431e-05	5	1.681244e-06	4.299490e-05	100	1.097976e-05	
1.491885e+07	3	1.140615e-05	937177227	2.001076e-08	8.714638e-06	1285693762	8.714638e-06	3696843781	1.400000e-08	
1.596794e+07	1	2.780719e-05	13	7.200108e-07	3.240806e-05	937177227	8.714638e-06	
1.604238e+07	3	8.680234e-06	142	1.400000e-08	8.714638e-06	54	1.097976e-05	2138100036	1.400000e-08	1726701215	1.400000e-08	1412415798	1.400000e-08	
1.610989e+07	1	2.027709e-05	2	4.532287e-07	2.777447e-05	42	1.097976e-05	
1.620406e+07	1	3.538525e-05	5	1.695244e-06	4.311391e-05	4260098875	8.714638e-06	
1.633349e+07	4	9.368632e-06	138	1.400000e-08	8.714638e-06	105	1.097976e-05	375852842	1.400000e-08	3593732192	1.400000e-08	3888264012	1.400000e-08	
1.671202e+07	1	3.343827e-05	5	1.723244e-06	4.334998e-05	124	1.097976e-05	
1.696077e+07	0	3.422907e-05	2	4.532287e-07	2.777447e-05	85	8.714638e-06	
1.752977e+07	1	1.347568e-05	13	7.480108e-07	3.282282e-05	108	1.097976e-05	
1.776930e+07	1	3.236720e-06	5	1.751244e-06	4.358351e-05	86	1.097976e-05	
1.781667e+07	0	3.846019e-05	1	6.105730e-07	3.067509e-05	85	8.714638e-06	
1.782025e+07	1	9.644821e-02	0	1.000000e+00	1.000000e-01	1239307652	8.855746e-06	
1.809523e+07	0	4.443453e-05	5	1.751244e-06	4.358351e-05	3179285865	9.014312e-06	
1.815715e+07	1	9.979585e-02	0	1.000000e+00	1.000000e-01	78	8.714638e-06	
1.869972e+07	0	3.507510e-05	2	4.532287e-07	2.777447e-05	68	1.097976e-05	
1.870513e+07	0	2.713587e-05	8	4.184180e-07	2.704436e-05	2029773149	8.714638e-06	
1.941316e+07	1	6.662536e-06	1	6.245730e-07	3.090778e-05	85	8.714638e-06	
1.962642e+07	1	9.982354e-02	0	1.000000e+00	1.000000e-01	375852842	8.714638e-06	
1.977659e+07	4	3.098589e-06	121	1.400000e-08	8.714638e-06	3537925318	9.387559e-06	313359544	1.575000e-08	217284033	1.575000e-08	
1.986152e+07	1	2.435082e-05	2	4.672287e-07	2.805756e-05	121	8.714638e-06	
1.993313e+07	3	1.126865e-05	119	1.400000e-08	8.714638e-06	57	1.097976e-05	2151269300	1.400000e-08	3913511150	1.400000e-08	2962530363	1.400000e-08	
2.016499e+07	1	9.980984e-02	0	1.000000e+00	1.000000e-01	2173231515	9.014312e-06	
2.027232e+07	1	7.810136e-06	13	7.760108e-07	3.322737e-05	47	1.097976e-05	
2.119554e+07	1	9.971568e-02	0	1.000000e+00	1.000000e-01	1726701215	8.714638e-06	
2.131187e+07	1	9.888131e-02	0	1.000000e+00	1.000000e-01	55	1.097976e-05	
2.169901e+07	0	3.143368e-05	12	5.730855e-07	3.003400e-05	135	1.097976e-05	
2.177581e+07	1	2.928793e-05	13	7.900108e-07	3.342599e-05	3696193412	8.714638e-06	
2.179868e+07	0	1.673921e-05	145	2.800000e-08	1.097976e-05	101	1.097976e-05	
2.189417e+07	0	3.879169e-05	1	6.245730e-07	3.090778e-05	1452489764	8.714638e-06	
2.193096e+07	0	3.510378e-05	2	4.672287e-07	2.805756e-05	3179285865	9.014312e-06	
2.201897e+07	2	1.856973e-05	11	3.019777e-07	2.425856e-05	101	1.097976e-05	2063946235	1.496664e-08	
2.230490e+07	1	2.445260e-05	1	6.400675e-07	3.116128e-05	3179285865	9.014312e-06	
2.239585e+07	1	2.978079e-05	5	1.765244e-06	4.369934e-05	3913511150	8.714638e-06	
2.266330e+07	0	4.447502e-05	5	1.765244e-06	4.369934e-05	3071577057	8.714638e-06	
2.309461e+07	1	9.953463e-02	0	1.000000e+00	1.000000e-01	136	8.714638e-06	
2.322455e+07	1	1.462392e-05	13	8.040108e-07	3.362229e-05	112	8.714638e-06	
2.349114e+07	1	2.566797e-05	1	6.544131e-07	3.139236e-05	1218250404	8.785758e-06	
2.350219e+07	2	2.645771e-05	2	4.807502e-07	2.832565e-05	103	1.097976e-05	1172086036	1.447845e-08	
2.354748e+07	1	1.311707e-05	2	4.947502e-07	2.859798e-05	2962530363	8.714638e-06	
2.358731e+07	1	2.962970e-05	5	1.793244e-06	4.392918e-05	110	1.097976e-05	
2.401266e+07	0	1.888841e-05	134	5.600000e-08	1.383363e-05	3491092596	8.714638e-06	
2.432234e+07	4	1.014274e-05	79	1.400000e-08	8.714638e-06	3593732192	8.714638e-06	690117576	1.400000e-08	3288380490	1.400000e-08	
2.448970e+07	1	2.169804e-05	2	5.087502e-07	2.886522e-05	1452489764	8.714638e-06	
2.477184e+07	1	2.985227e-05	13	8.215108e-07	3.386448e-05	3869596591	9.387559e-06	
2.498725e+07	3	1.634790e-05	64	1.400000e-08	8.714638e-06	313359544	9.063589e-06	845665321	1.487500e-08	3122982648	1.487500e-08	
2.516243e+07	1	9.788076e-02	0	1.000000e+00	1.000000e-01	1804212609	8.750343e-06	
2.545216e+07	1	1.496960e-05	5	1.821244e-06	4.415664e-05	128	1.097976e-05	
2.550750e+07	0	2.871333e-05	8	4.184180e-07	2.704436e-05	2999719241	8.714638e-06	
2.593660e+07	3	1.560988e-05	8	4.143791e-07	2.695707e-05	2001290253	9.014312e-06	1471982444	1.953335e-08	
2.602255e+07	1	9.939927e-02	0	1.000000e+00	1.000000e-01	94	1.097976e-05	
2.611299e+07	3	1.399935e-05	2	5.086600e-07	2.886351e-05	1931993247	8.349071e-06	3303338876	1.632915e-08	
2.625624e+07	0	3.560289e-05	8	4.143791e-07	2.695707e-05	3071577057	8.714638e-06	
2.641148e+07	1	9.814203e-02	0	1.000000e+00	1.000000e-01	53	1.097976e-05	
2.642434e+07	1	9.977571e-02	0	1.000000e+00	1.000000e-01	116	1.097976e-05	
2.672291e+07	1	1.981182e-05	2	5.249891e-07	2.916913e-05	3303338876	9.173348e-06	
2.672779e+07	0	4.865875e-05	5	1.821244e-06	4.415664e-05	33	1.097976e-05	
2.694999e+07	1	3.003962e-05	5	1.849244e-06	4.438178e-05	33	1.097976e-05	
2.714154e+07	0	4.158804e-05	13	8.215108e-07	3.386448e-05	150	1.097976e-05	
2.734371e+07	0	3.292917e-05	8	4.143791e-07	2.695707e-05	845665321	8.892537e-06	
2.792141e+07	1	1.630948e-05	5	1.865127e-06	4.450849e-05	2029773149	8.714638e-06	
2.793370e+07	0	3.428539e-05	2	5.249891e-07	2.916913e-05	134	1.383363e-05	
2.796579e+07	1	2.636343e-05	13	8.775108e-07	3.461711e-05	134	1.383363e-05	
2.840688e+07	1	3.399814e-05	5	1.879127e-06	4.461957e-05	64	8.714638e-06	
2.845652e+07	3	2.312337e-05	8	4.141709e-07	2.695255e-05	845665321	8.892537e-06	2875471576	1.508325e-08	
2.845867e+07	1	2.720053e-05	8	4.292541e-07	2.727584e-05	2875471576	8.933843e-06	
2.889364e+07	3	1.330129e-05	150	1.400000e-08	8.714638e-06	1634407402	9.387559e-06	1738909006	1.575000e-08	356405251	1.575000e-08	
2.922712e+07	0	3.767966e-05	2	5.249891e-07	2.916913e-05	217284033	9.063589e-06	
2.955568e+07	1	1.999210e-05	8	4.432541e-07	2.756921e-05	79	8.714638e-06	
2.971395e+07	1	1.309893e-05	12	5.888355e-07	3.030665e-05	217284033	9.063589e-06	
2.973067e+07	2	2.843793e-05	1	6.844018e-07	3.186474e-05	71	1.383363e-05	2879167783	2.601134e-08	
2.974440e+07	1	2.708080e-05	2	5.389891e-07	2.942614e-05	3288380490	8.714638e-06	
2.976713e+07	1	9.984782e-02	0	1.000000e+00	1.000000e-01	2909632847	9.816602e-06	
2.977415e+07	1	3.546906e-05	1	7.104131e-07	3.226341e-05	2879167783	1.071341e-05	
3.040217e+07	3	1.205681e-05	131	1.400000e-08	8.714638e-06	70	1.097976e-05	3083352544	1.400000e-08	4198169764	1.400000e-08	821115011	1.400000e-08	
3.052817e+07	0	3.278958e-05	2	5.389891e-07	2.942614e-05	92	8.714638e-06	
3.056394e+07	1	5.251366e-02	0	1.000000e+00	1.000000e-01	92	8.714638e-06	
3.119897e+07	1	9.983399e-02	0	1.000000e+00	1.000000e-01	438292632	8.714638e-06	
3.195312e+07	0	3.704259e-05	2	5.389891e-07	2.942614e-05	3071577057	8.714638e-06	
3.197731e+07	1	9.689280e-02	0	1.000000e+00	1.000000e-01	2063946235	8.910761e-06	
3.230571e+07	2	3.148746e-05	2	8.737050e-07	3.456699e-05	8	2.756921e-05	2118016430	1.400000e-08	1945735688	1.575637e-08	4093093422	1.575637e-08	2842015324	1.575637e-08	1249238030	1.575637e-08	3214077756	1.575637e-08	879162223	1.575637e-08	
3.232301e+07	0	4.172636e-05	2	8.737050e-07	3.456699e-05	4093093422	9.064811e-06	
3.244879e+07	1	8.177454e-06	1	7.261695e-07	3.250020e-05	2842015324	9.064811e-06	
3.279627e+07	1	2.826528e-05	1	7.401695e-07	3.270773e-05	2118016430	8.714638e-06	
3.320121e+07	0	1.752106e-05	111	2.800000e-08	1.097976e-05	356405251	9.063589e-06	
3.335736e+07	1	9.909817e-02	0	1.000000e+00	1.000000e-01	126	1.097976e-05	
3.348716e+07	1	3.134904e-05	1	7.559258e-07	3.293819e-05	3214077756	9.064811e-06	
3.371767e+07	3	1.684304e-05	1	7.525368e-07	3.288889e-05	551137729	8.714638e-06	3884425642	1.738904e-08	
3.385971e+07	1	9.999476e-02	0	1.000000e+00	1.000000e-01	90	1.097976e-05	
3.390585e+07	0	3.730263e-05	1	7.525368e-07	3.288889e-05	138	8.714638e-06	
3.400474e+07	1	2.587947e-05	12	6.168355e-07	3.077961e-05	146	1.097976e-05	
3.401846e+07	1	1.219640e-05	1	7.699258e-07	3.314029e-05	3884425642	9.367675e-06	
3.413593e+07	1	9.996724e-02	0	1.000001e+00	1.000000e-01	690117576	8.714638e-06	
3.457051e+07	0	3.845327e-05	1	7.699258e-07	3.314029e-05	2151269300	8.714638e-06	
3.463864e+07	0	1.979067e-05	147	2.800000e-08	1.097976e-05	72	1.097976e-05	
3.558081e+07	0	1.635876e-05	147	2.800000e-08	1.097976e-05	3491092596	8.714638e-06	
3.571734e+07	3	1.169453e-05	3122982648	1.487500e-08	8.714638e-06	3696843781	8.714638e-06	1149406307	1.400000e-08	
3.576444e+07	1	2.974169e-05	13	9.074892e-07	3.500691e-05	137	1.123250e-05	
3.608196e+07	0	5.298288e-05	12	6.168355e-07	3.077961e-05	14	2.513737e-05	
3.610327e+07	1	1.574551e-05	14	3.500000e-07	2.548176e-05	131	8.714638e-06	
3.627914e+07	0	5.225420e-05	5	1.879127e-06	4.461957e-05	23	1.097976e-05	
3.644982e+07	0	5.073278e-05	5	1.879127e-06	4.461957e-05	81	1.097976e-05	
3.661224e+07	1	9.991604e-02	0	1.000001e+00	1.000000e-01	3147695692	9.014312e-06	
3.710076e+07	1	3.391094e-05	12	9.668355e-07	3.575396e-05	14	2.548176e-05	
3.739153e+07	4	1.045703e-05	147	1.400000e-08	8.714638e-06	81	1.097976e-05	3528332227	1.400000e-08	4004407106	1.400000e-08	451270221	1.400000e-08	
3.739241e+07	1	9.999878e-02	0	1.000001e+00	1.000000e-01	3071577057	8.714638e-06	
3.860490e+07	1	1.639249e-05	5	1.907127e-06	4.484010e-05	148	1.097976e-05	
3.866754e+07	3	1.174909e-05	99	2.216273e-08	1.015659e-05	3491092596	8.714638e-06	3149440925	1.983727e-08	
3.888071e+07	1	3.058836e-05	1	7.856758e-07	3.336474e-05	1738909006	9.063589e-06	
3.943544e+07	0	1.743007e-05	68	2.800000e-08	1.097976e-05	1172086036	8.812802e-06	
3.965352e+07	1	9.904038e-02	0	1.000001e+00	1.000000e-01	145	1.097976e-05	
4.009670e+07	1	2.605539e-05	1	7.996758e-07	3.356175e-05	2151269300	8.714638e-06	
4.074627e+07	0	3.457447e-05	2	8.737050e-07	3.456699e-05	3528332227	8.714638e-06	
4.084211e+07	0	1.962930e-05	104	2.800000e-08	1.097976e-05	821115011	8.714638e-06	
4.109978e+07	1	1.011152e-05	1	8.136758e-07	3.375648e-05	4004407106	8.714638e-06	
4.146140e+07	1	2.677686e-05	5	1.921606e-06	4.495328e-05	1172086036	8.812802e-06	
4.175170e+07	1	9.863569e-02	0	1.000001e+00	1.000000e-01	3414514926	8.714638e-06	
4.209319e+07	1	9.998000e-02	0	1.000001e+00	1.000000e-01	1494850122	8.714638e-06	
4.214087e+07	1	9.996464e-02	0	1.000001e+00	1.000000e-01	95	1.097976e-05	
4.263613e+07	1	3.590044e-05	5	1.937356e-06	4.507577e-05	356405251	9.063589e-06	
4.304780e+07	3	1.850097e-05	1	8.088242e-07	3.368925e-05	451270221	8.714638e-06	2250775120	1.885162e-08	
4.317762e+07	1	9.676520e-02	0	1.000001e+00	1.000000e-01	125	1.097976e-05	
4.318980e+07	0	3.699117e-05	1	8.088242e-07	3.368925e-05	2250775120	9.623275e-06	
4.343816e+07	1	3.823028e-05	5	1.952231e-06	4.519084e-05	3122982648	8.714638e-06	
4.345639e+07	1	1.399114e-05	1	8.276758e-07	3.394898e-05	2250775120	9.623275e-06	
4.476262e+07	1	9.986525e-02	0	1.000001e+00	1.000000e-01	4198169764	8.714638e-06	
4.508801e+07	0	4.003228e-05	13	9.074892e-07	3.500691e-05	150	8.714638e-06	
4.526227e+07	1	9.992615e-02	0	1.000001e+00	1.000000e-01	1639799867	9.289703e-06	
4.583955e+07	1	1.978172e-05	13	9.354892e-07	3.536331e-05	152	1.097976e-05	
4.609308e+07	0	3.934076e-05	12	9.668355e-07	3.575396e-05	51	1.097976e-05	
4.647220e+07	1	1.019880e-05	12	9.948355e-07	3.609584e-05	135	1.097976e-05	
4.728936e+07	1	1.000011e-01	0	1.000001e+00	1.000000e-01	879162223	9.064811e-06	
4.753220e+07	1	9.991185e-02	0	1.000001e+00	1.000000e-01	150	8.714638e-06	
4.756163e+07	0	3.615888e-05	2	8.737050e-07	3.456699e-05	117	1.097976e-05	
4.782352e+07	0	3.968825e-05	13	9.354892e-07	3.536331e-05	117	1.097976e-05	
4.858589e+07	1	9.928926e-02	0	1.000001e+00	1.000000e-01	51	1.097976e-05	
4.882408e+07	1	9.718542e-02	0	1.000001e+00	1.000000e-01	104	1.097976e-05	
5.127230e+07	1	9.977242e-02	0	1.000001e+00	1.000000e-01	113	1.097976e-05	
5.138782e+07	0	1.740542e-05	1945735688	1.575637e-08	9.064811e-06	3528332227	8.714638e-06	
5.215535e+07	0	4.197372e-05	12	9.948355e-07	3.609584e-05	149	1.097976e-05	
5.259313e+07	1	2.560903e-05	2	8.894614e-07	3.477355e-05	1945735688	9.064811e-06	
5.293699e+07	1	9.975066e-02	0	1.000001e+00	1.000000e-01	117	1.097976e-05	
5.307143e+07	0	4.071864e-05	1	8.276758e-07	3.394898e-05	4093093422	9.064811e-06	
5.311973e+07	1	9.972825e-02	0	1.000001e+00	1.000000e-01	140	1.097976e-05	
5.325624e+07	1	3.082319e-05	1	8.434322e-07	3.416306e-05	4093093422	9.064811e-06	
5.408232e+07	1	9.924716e-02	0	1.000001e+00	1.000000e-01	3375523036	9.387559e-06	
5.444093e+07	1	9.954438e-02	0	1.000001e+00	1.000000e-01	72	1.097976e-05	
5.594362e+07	1	9.988389e-02	0	1.000001e+00	1.000000e-01	118	1.097976e-05	
5.686259e+07	1	4.188420e-05	5	1.980231e-06	4.540586e-05	111	1.097976e-05	
5.798377e+07	0	3.765296e-05	12	9.948355e-07	3.609584e-05	2795063678	9.014312e-06	
5.809881e+07	1	9.924175e-02	0	1.000001e+00	1.000000e-01	2795063678	9.014312e-06	
5.882625e+07	1	3.653901e-05	5	1.994231e-06	4.551262e-05	3888264012	8.714638e-06	
5.943392e+07	0	5.259342e-05	5	1.994231e-06	4.551262e-05	23	1.097976e-05	
5.976789e+07	1	9.957426e-02	0	1.000001e+00	1.000000e-01	114	1.097976e-05	
6.128643e+07	1	2.871486e-05	2	9.034614e-07	3.495505e-05	2312786130	8.714638e-06	
6.155621e+07	1	2.915805e-05	5	2.022231e-06	4.572463e-05	48	1.097976e-05	
6.219085e+07	1	9.971282e-02	0	1.000001e+00	1.000000e-01	1149406307	8.714638e-06	
6.303563e+07	1	9.983919e-02	0	1.000001e+00	1.000000e-01	142	8.714638e-06	
6.328942e+07	1	9.940727e-02	0	1.000001e+00	1.000000e-01	132	1.097976e-05	
6.481045e+07	1	9.951743e-02	0	1.000001e+00	1.000000e-01	2138100036	8.714638e-06	
6.603839e+07	1	2.022001e-05	5	2.036231e-06	4.582991e-05	97	8.714638e-06	
6.724315e+07	1	9.867082e-02	0	1.000001e+00	1.000000e-01	98	1.097976e-05	
6.741889e+07	1	9.920748e-02	0	1.000001e+00	1.000000e-01	3330100144	9.031254e-06	
6.816519e+07	2	3.078967e-05	1	8.554013e-07	3.432390e-05	23	1.097976e-05	1130108289	1.603094e-08	
6.824673e+07	1	3.345787e-05	2	9.189559e-07	3.515374e-05	3642829293	9.014312e-06	
7.214784e+07	1	9.986662e-02	0	1.000001e+00	1.000000e-01	821115011	8.714638e-06	
7.488273e+07	1	9.871742e-02	0	1.000001e+00	1.000000e-01	147	8.714638e-06	
7.525643e+07	0	2.491296e-05	6	3.080000e-07	2.441876e-05	3083352544	8.714638e-06	
7.550665e+07	1	1.625910e-05	6	3.237564e-07	2.482825e-05	1249238030	9.064811e-06	
7.582370e+07	1	3.828089e-05	5	2.064231e-06	4.603902e-05	149	1.097976e-05	
8.021344e+07	1	9.998635e-02	0	1.000001e+00	1.000000e-01	3528332227	8.714638e-06	
8.233077e+07	0	1.531562e-05	1412415798	1.400000e-08	8.714638e-06	106	8.714638e-06	
8.470175e+07	1	1.892613e-05	5	2.078231e-06	4.614287e-05	119	8.714638e-06	
8.648174e+07	1	1.957802e-05	5	2.098068e-06	4.628922e-05	3149440925	9.788150e-06	
8.865657e+07	2	2.419776e-05	2	1.238249e-06	3.882779e-05	1	3.432390e-05	2177968201	1.410812e-08	2914302410	1.410812e-08	3655816389	1.410812e-08	3485819286	1.410812e-08	1382686479	1.410812e-08	1803925302	1.410812e-08	3293059020	1.410812e-08	378125977	1.410812e-08	2159618959	1.410812e-08	2441325815	1.410812e-08	3401497744	1.410812e-08	4069401935	1.410812e-08	134948105	1.410812e-08	1998372786	1.410812e-08	2455922112	1.410812e-08	3059103076	1.410812e-08	432337108	1.410812e-08	1902671923	1.410812e-08	4209590891	1.410812e-08	77395223	1.410812e-08	3592986772	1.410812e-08	1246511018	1.410812e-08	3986570268	1.410812e-08	174500547	1.410812e-08	4083845756	1.410812e-08	110358663	1.410812e-08	1370908750	1.410812e-08	1837234470	1.410812e-08	2945849429	1.410812e-08	66296937	1.410812e-08	976558236	1.410812e-08	2438291630	1.410812e-08	906368509	1.410812e-08	3783228500	1.410812e-08	2858952728	1.410812e-08	395113485	1.410812e-08	4019363830	1.410812e-08	3016084464	1.410812e-08	
8.865662e+07	1	2.901959e-05	2	1.252357e-06	3.897469e-05	1998372786	8.737014e-06	
8.865665e+07	1	3.200145e-05	2	1.266465e-06	3.912050e-05	2159618959	8.737014e-06	
8.865691e+07	1	2.335837e-05	2	1.280573e-06	3.926523e-05	134948105	8.737014e-06	
8.865776e+07	1	3.004182e-05	2	1.294681e-06	3.940890e-05	3655816389	8.737014e-06	
8.866203e+07	1	5.500248e-06	2	1.308789e-06	3.955153e-05	2441325815	8.737014e-06	
8.866734e+07	1	4.063419e-05	2	1.322897e-06	3.969313e-05	3401497744	8.737014e-06	
8.866876e+07	1	1.634515e-05	2	1.337005e-06	3.983374e-05	2177968201	8.737014e-06	
8.867413e+07	1	3.784864e-05	2	1.351114e-06	3.997336e-05	4209590891	8.737014e-06	
8.867544e+07	2	7.125368e-06	2455922112	1.421624e-08	8.714638e-06	1803925302	8.737014e-06	921818415	1.400000e-08	
8.867960e+07	0	1.385762e-05	3059103076	1.410812e-08	8.737014e-06	2914302410	8.737014e-06	
8.868584e+07	1	3.433617e-05	2	1.365222e-06	4.011201e-05	4019363830	8.737014e-06	
8.869372e+07	1	2.990359e-05	2	1.379330e-06	4.024971e-05	3592986772	8.737014e-06	
8.869519e+07	1	3.395924e-05	2	1.393438e-06	4.038647e-05	3059103076	8.737014e-06	
8.870010e+07	1	1.322981e-05	2	1.407546e-06	4.052231e-05	174500547	8.737014e-06	
8.870317e+07	1	4.449671e-05	2	1.421654e-06	4.065725e-05	110358663	8.737014e-06	
8.871199e+07	1	2.842590e-05	2	1.435762e-06	4.079130e-05	2914302410	8.737014e-06	
8.871986e+07	1	2.749333e-05	2	1.449870e-06	4.092447e-05	1902671923	8.737014e-06	
8.877760e+07	0	4.494793e-05	2	1.449870e-06	4.092447e-05	1246511018	8.737014e-06	
8.879467e+07	1	1.846068e-05	2	1.464087e-06	4.105779e-05	2455922112	8.714638e-06	
8.880029e+07	1	2.154353e-05	2	1.478195e-06	4.118925e-05	2438291630	8.737014e-06	
8.884543e+07	1	2.836187e-05	2	1.492303e-06	4.131987e-05	3783228500	8.737014e-06	
8.887912e+07	1	2.367279e-05	2	1.506411e-06	4.144968e-05	395113485	8.737014e-06	
8.889502e+07	1	4.051742e-05	2	1.520519e-06	4.157867e-05	4069401935	8.737014e-06	
8.889797e+07	1	3.627660e-05	2	1.534627e-06	4.170687e-05	2945849429	8.737014e-06	
8.890911e+07	1	1.531858e-05	2	1.548735e-06	4.183429e-05	1837234470	8.737014e-06	
8.893018e+07	0	1.663019e-05	3016084464	1.410812e-08	8.737014e-06	1370908750	8.737014e-06	
8.900563e+07	1	3.401061e-05	2	1.562843e-06	4.196094e-05	77395223	8.737014e-06	
8.902214e+07	0	1.481385e-05	432337108	1.410812e-08	8.737014e-06	378125977	8.737014e-06	
8.908676e+07	1	4.255204e-05	2	1.576952e-06	4.208682e-05	976558236	8.737014e-06	
8.909663e+07	1	3.750998e-05	2	1.591060e-06	4.221196e-05	3293059020	8.737014e-06	
8.910924e+07	0	4.410857e-05	2	1.591060e-06	4.221196e-05	1382686479	8.737014e-06	
8.912398e+07	1	9.948730e-02	0	1.000001e+00	1.000000e-01	106	8.714638e-06	
8.912889e+07	1	2.585075e-05	2	1.605060e-06	4.233541e-05	921818415	8.714638e-06	
8.923339e+07	1	2.321979e-05	2	1.619168e-06	4.245908e-05	66296937	8.737014e-06	
8.970146e+07	1	1.281584e-05	2	1.633276e-06	4.258205e-05	432337108	8.737014e-06	
9.022352e+07	1	9.930120e-02	0	1.000001e+00	1.000000e-01	2707128518	9.014312e-06	
9.078036e+07	2	1.210691e-05	99	2.227085e-08	8.714638e-06	1370908750	8.737014e-06	2892683898	1.400000e-08	
9.098522e+07	1	3.704035e-05	13	1.259246e-06	3.904602e-05	6	2.482825e-05	
9.119261e+07	1	2.593088e-05	2	1.647384e-06	4.270430e-05	906368509	8.737014e-06	
9.159183e+07	2	4.645647e-06	1246511018	1.421624e-08	8.714638e-06	378125977	8.737014e-06	3697249003	1.400000e-08	
9.209095e+07	1	4.090158e-05	2	1.661492e-06	4.282586e-05	3986570268	8.737014e-06	
9.256310e+07	4	8.255920e-06	1246511018	1.421624e-08	8.670227e-06	3697249003	8.714638e-06	3983774618	1.400000e-08	
9.279716e+07	1	3.325677e-06	1246511018	2.821624e-08	1.089604e-05	3983774618	8.670227e-06	
9.311606e+07	0	4.806460e-05	2	1.661492e-06	4.282586e-05	3016084464	8.737014e-06	
9.364722e+07	1	1.772906e-05	5	2.112068e-06	4.639195e-05	2892683898	8.714638e-06	
9.376969e+07	1	6.032231e-05	5	3.106904e-06	5.276135e-05	12	3.609584e-05	
9.384983e+07	1	9.977433e-02	0	1.000001e+00	1.000000e-01	59	1.097976e-05	
9.427051e+07	1	3.577067e-05	2	1.689708e-06	4.306693e-05	1246511018	1.089604e-05	
9.541306e+07	1	9.999005e-02	0	1.000001e+00	1.000000e-01	2858952728	8.737014e-06	
9.610189e+07	1	9.967211e-02	0	1.000001e+00	1.000000e-01	2215785330	8.714638e-06	
9.990716e+07	1	3.641375e-05	5	3.129174e-06	5.288712e-05	99	8.714638e-06	
1.022210e+08	0	4.328140e-05	2	1.689708e-06	4.306693e-05	3485819286	8.737014e-06	
1.046802e+08	1	3.061543e-05	5	3.145205e-06	5.297728e-05	1130108289	9.117162e-06	
1.055902e+08	1	9.998299e-02	0	1.000001e+00	1.000000e-01	139	1.097976e-05	
1.131827e+08	1	9.897977e-02	0	1.000001e+00	1.000000e-01	1382686479	8.737014e-06	
1.169448e+08	1	4.213351e-05	2	1.703817e-06	4.318646e-05	3016084464	8.737014e-06	
1.300330e+08	1	9.961653e-02	0	1.000001e+00	1.000000e-01	1471982444	9.737905e-06	
1.375009e+08	1	2.891476e-05	5	3.159313e-06	5.305638e-05	4083845756	8.737014e-06	
1.762774e+08	1	9.966265e-02	0	1.000001e+00	1.000000e-01	96	1.097976e-05	
2.412885e+08	1	9.931290e-02	0	1.000001e+00	1.000000e-01	68	1.097976e-05	
