1.816554e+03	1	1.012779e-05	7	3.080000e-07	2.441876e-05	82	1.097976e-05	
2.080098e+03	1	1.936427e-05	4	3.080000e-07	2.441876e-05	47	1.097976e-05	
2.975050e+03	1	1.710509e-05	16	5.600000e-08	1.383363e-05	15	1.097976e-05	
4.710014e+03	1	1.960401e-05	30	5.600000e-08	1.383363e-05	29	1.097976e-05	
8.654627e+03	0	3.026765e-05	6	2.800000e-07	2.365517e-05	70	1.097976e-05	
9.190301e+03	1	5.125248e-06	86	5.600000e-08	1.383363e-05	70	1.097976e-05	
9.318152e+03	1	3.210523e-05	1	3.080000e-07	2.441876e-05	23	1.097976e-05	
1.047315e+04	0	1.755264e-05	54	2.800000e-08	1.097976e-05	53	1.097976e-05	
1.255378e+04	1	1.882109e-05	1	3.360000e-07	2.513737e-05	21	1.097976e-05	
1.936705e+04	1	9.558863e-06	123	5.600000e-08	1.383363e-05	120	1.097976e-05	
3.414543e+04	1	1.791371e-05	4	3.360000e-07	2.513737e-05	48	1.097976e-05	
5.751440e+04	1	7.181771e-06	6	3.080000e-07	2.441876e-05	78	1.097976e-05	
8.667718e+04	1	3.166123e-05	1	3.640000e-07	2.581708e-05	28	1.097976e-05	
8.936699e+04	0	2.753486e-05	3	2.800000e-07	2.365517e-05	65	1.097976e-05	
9.919731e+04	1	8.225097e-06	19	5.600000e-08	1.383363e-05	18	1.097976e-05	
1.343178e+05	1	2.228561e-05	1	3.920000e-07	2.646277e-05	22	1.097976e-05	
1.415039e+05	0	2.711772e-05	4	3.360000e-07	2.513737e-05	66	1.097976e-05	
1.462683e+05	0	1.780032e-05	67	2.800000e-08	1.097976e-05	49	1.097976e-05	
1.493965e+05	1	9.174665e-06	9	3.080000e-07	2.441876e-05	93	1.097976e-05	
1.495238e+05	0	1.459754e-05	26	2.800000e-08	1.097976e-05	24	1.097976e-05	
1.795187e+05	0	2.712064e-05	1	3.920000e-07	2.646277e-05	24	1.097976e-05	
1.841365e+05	0	3.628819e-05	1	3.920000e-07	2.646277e-05	24	1.097976e-05	
2.240208e+05	1	2.487450e-05	14	3.080000e-07	2.441876e-05	141	1.097976e-05	
2.481746e+05	0	2.921277e-05	10	2.800000e-07	2.365517e-05	103	1.097976e-05	
2.551478e+05	3	6.510481e-06	63	1.400000e-08	8.714638e-06	45	1.097976e-05	3687573659	1.400000e-08	3196256300	1.400000e-08	848448836	1.400000e-08	
2.551478e+05	1	8.247828e-09	3196256300	2.800000e-08	1.097976e-05	3687573659	8.714638e-06	
2.551478e+05	1	7.128018e-09	3196256300	4.200000e-08	1.256868e-05	848448836	8.714638e-06	
2.664581e+05	2	1.289527e-05	13	3.201553e-07	2.473585e-05	123	1.383363e-05	2211003714	1.584468e-08	
2.749231e+05	1	4.796484e-06	3	3.080000e-07	2.441876e-05	38	1.097976e-05	
3.241313e+05	1	2.494574e-05	6	3.360000e-07	2.513737e-05	79	1.097976e-05	
3.272997e+05	2	1.086901e-05	71	4.053001e-08	1.242030e-05	58	1.097976e-05	2916276788	1.546999e-08	
3.546859e+05	0	2.828500e-05	9	3.080000e-07	2.441876e-05	41	1.097976e-05	
3.904966e+05	1	8.025904e-06	137	5.600000e-08	1.383363e-05	135	1.097976e-05	
3.990706e+05	0	1.902824e-05	100	2.800000e-08	1.097976e-05	83	1.097976e-05	
4.598506e+05	1	1.092392e-05	14	3.360000e-07	2.513737e-05	142	1.097976e-05	
4.872193e+05	1	2.469340e-05	11	5.600000e-07	2.980364e-05	8	2.365517e-05	
5.950881e+05	0	1.100970e-05	129	2.800000e-08	1.097976e-05	112	1.097976e-05	
6.079137e+05	0	1.788499e-05	37	2.800000e-08	1.097976e-05	34	1.097976e-05	
7.024067e+05	3	5.168805e-06	108	1.400000e-08	8.714638e-06	106	1.097976e-05	3696193412	1.400000e-08	15308464	1.400000e-08	1239307652	1.400000e-08	
7.024067e+05	1	8.512698e-10	1239307652	2.800000e-08	1.097976e-05	15308464	8.714638e-06	
7.024067e+05	1	7.353232e-10	1239307652	4.200000e-08	1.256868e-05	3696193412	8.714638e-06	
7.193258e+05	0	2.997013e-05	1	3.920000e-07	2.646277e-05	19	1.383363e-05	
8.816278e+05	0	4.357201e-05	10	2.800000e-07	2.365517e-05	5	2.365517e-05	
8.904907e+05	0	3.265902e-05	1	3.920000e-07	2.646277e-05	20	1.097976e-05	
9.263432e+05	0	2.041267e-05	19	5.600000e-08	1.383363e-05	25	1.097976e-05	
1.030867e+06	0	3.213173e-05	3	3.080000e-07	2.441876e-05	51	1.097976e-05	
1.123310e+06	3	1.527891e-05	30	1.400000e-08	8.714638e-06	49	1.097976e-05	1945448119	1.750000e-08	3396227953	1.750000e-08	3321237907	1.750000e-08	3187199216	1.750000e-08	
1.123310e+06	1	1.855555e-09	3187199216	3.500000e-08	1.182758e-05	1945448119	9.387559e-06	
1.123310e+06	1	1.857427e-09	3321237907	3.500000e-08	1.182758e-05	3396227953	9.387559e-06	
1.123310e+06	1	1.906204e-09	3187199216	7.000000e-08	1.490182e-05	3321237907	1.182758e-05	
1.125984e+06	0	3.718136e-05	2	2.800000e-07	2.365517e-05	3187199216	1.490182e-05	
1.228302e+06	2	2.610182e-05	11	8.007819e-07	3.357722e-05	6	2.513737e-05	3330100144	1.586969e-08	310481256	1.586969e-08	817087088	1.586969e-08	551137729	1.586969e-08	1218250404	1.586969e-08	1035956119	1.586969e-08	
1.438490e+06	1	9.772353e-06	85	4.386969e-08	1.275249e-05	1218250404	9.086490e-06	
1.465439e+06	0	3.671187e-05	11	8.007819e-07	3.357722e-05	55	1.097976e-05	
1.474542e+06	1	3.158965e-05	7	5.880000e-07	3.029231e-05	10	2.365517e-05	
1.595679e+06	1	1.671320e-05	4	3.640000e-07	2.581708e-05	54	1.097976e-05	
1.606898e+06	1	3.233836e-05	11	8.413119e-07	3.413441e-05	71	1.242030e-05	
1.621518e+06	0	1.883237e-05	60	2.800000e-08	1.097976e-05	40	1.097976e-05	
1.623203e+06	0	3.181794e-05	4	3.640000e-07	2.581708e-05	50	1.097976e-05	
1.636617e+06	3	1.392338e-05	25	1.400000e-08	8.714638e-06	17	1.097976e-05	1211996162	1.400000e-08	188552836	1.400000e-08	2029773149	1.400000e-08	
1.636617e+06	1	2.940718e-08	2029773149	2.800000e-08	1.097976e-05	1211996162	8.714638e-06	
1.636617e+06	1	4.542556e-09	2029773149	4.200000e-08	1.256868e-05	188552836	8.714638e-06	
1.641728e+06	1	1.623241e-05	13	3.481553e-07	2.543691e-05	152	1.097976e-05	
1.663643e+06	0	1.373273e-05	2029773149	4.200000e-08	1.256868e-05	25	8.714638e-06	
1.760675e+06	1	2.440764e-05	9	3.234700e-07	2.482093e-05	2916276788	9.009555e-06	
1.893652e+06	4	8.303790e-06	68	1.400000e-08	8.714638e-06	57	1.097976e-05	302486611	1.400000e-08	1842102965	1.400000e-08	1285693762	1.400000e-08	
1.893652e+06	1	6.617297e-10	1285693762	2.800000e-08	1.097976e-05	302486611	8.714638e-06	
1.893652e+06	1	3.708983e-10	1285693762	4.200000e-08	1.256868e-05	1842102965	8.714638e-06	
1.938141e+06	1	1.690807e-05	3	3.360000e-07	2.513737e-05	60	1.097976e-05	
2.047317e+06	1	2.033264e-05	1	4.200000e-07	2.707841e-05	35	1.097976e-05	
2.407473e+06	1	1.329570e-05	86	8.400000e-08	1.583555e-05	104	1.097976e-05	
2.412647e+06	1	2.360887e-05	7	6.160000e-07	3.076571e-05	97	1.097976e-05	
2.419181e+06	0	3.567873e-05	1	4.200000e-07	2.707841e-05	2029773149	1.256868e-05	
2.433587e+06	1	1.559629e-05	11	8.693119e-07	3.450896e-05	94	1.097976e-05	
2.449957e+06	0	5.472956e-05	11	8.693119e-07	3.450896e-05	4	2.581708e-05	
2.525284e+06	3	1.273398e-05	5	2.795777e-07	2.364327e-05	90	1.097976e-05	1078741991	1.421115e-08	2723643411	1.421115e-08	
2.582550e+06	2	1.729780e-05	1	4.438625e-07	2.758181e-05	19	1.383363e-05	1804212609	1.606875e-08	438292632	1.606875e-08	
2.603948e+06	0	2.137004e-05	16	5.600000e-08	1.383363e-05	2029773149	1.256868e-05	
2.625503e+06	1	1.741952e-05	5	3.075777e-07	2.440759e-05	76	1.097976e-05	
2.755256e+06	0	1.445744e-05	139	2.800000e-08	1.097976e-05	101	1.097976e-05	
2.912627e+06	0	3.333782e-05	1	4.438625e-07	2.758181e-05	2029773149	1.256868e-05	
2.929664e+06	3	1.109951e-05	147	1.400000e-08	8.714638e-06	109	1.097976e-05	2001290253	1.400000e-08	3147695692	1.400000e-08	3179285865	1.400000e-08	
2.929664e+06	1	4.770339e-11	3179285865	2.800000e-08	1.097976e-05	3147695692	8.714638e-06	
2.929664e+06	1	4.626266e-12	3179285865	4.200000e-08	1.256868e-05	2001290253	8.714638e-06	
2.976561e+06	4	9.902252e-06	33	1.400000e-08	8.714638e-06	438292632	9.124324e-06	2173231515	1.503438e-08	740082705	1.503438e-08	
2.991657e+06	1	1.936884e-05	3	3.640000e-07	2.581708e-05	59	1.097976e-05	
3.326563e+06	2	1.276603e-05	13	4.031716e-07	2.671181e-05	86	1.583555e-05	2795063678	1.449184e-08	3642829293	1.449184e-08	
3.328175e+06	3	1.290593e-05	87	1.400000e-08	8.714638e-06	31	1.097976e-05	2707128518	1.400000e-08	474866315	1.400000e-08	1639799867	1.400000e-08	
3.328175e+06	1	3.799889e-09	474866315	2.800000e-08	1.097976e-05	2707128518	8.714638e-06	
3.328175e+06	1	3.304528e-09	474866315	4.200000e-08	1.256868e-05	1639799867	8.714638e-06	
3.368410e+06	1	2.830778e-05	7	6.318697e-07	3.102767e-05	817087088	9.086490e-06	
3.652906e+06	0	2.494295e-05	12	2.800000e-07	2.365517e-05	55	1.097976e-05	
3.653978e+06	2	2.307345e-05	12	2.939534e-07	2.404176e-05	89	1.097976e-05	1026028388	1.404658e-08	
3.679658e+06	0	3.430503e-05	3	3.640000e-07	2.581708e-05	44	1.097976e-05	
3.679698e+06	4	7.389669e-06	16	1.400000e-08	8.714638e-06	2029773149	1.256868e-05	1128056158	1.400000e-08	2909632847	1.400000e-08	937177227	1.400000e-08	3393811039	1.400000e-08	611212867	1.400000e-08	1104410542	1.400000e-08	
3.679698e+06	1	2.151966e-09	1104410542	2.800000e-08	1.097976e-05	611212867	8.714638e-06	
3.679698e+06	1	1.693101e-09	2909632847	2.800000e-08	1.097976e-05	1128056158	8.714638e-06	
3.679698e+06	1	1.195162e-09	3393811039	2.800000e-08	1.097976e-05	937177227	8.714638e-06	
3.679698e+06	2	3.029490e-09	1104410542	3.402704e-08	1.171695e-05	3393811039	1.097976e-05	2328232000	2.197296e-08	
3.681511e+06	1	2.344479e-05	2	2.950344e-07	2.407119e-05	740082705	8.924183e-06	
3.683873e+06	0	1.652650e-05	102	2.800000e-08	1.097976e-05	2795063678	8.815519e-06	
3.709541e+06	3	1.213870e-05	121	1.400000e-08	8.714638e-06	72	1.097976e-05	2999719241	1.400000e-08	1931993247	1.400000e-08	1494850122	1.400000e-08	
3.709541e+06	1	1.888724e-09	1494850122	2.800000e-08	1.097976e-05	2999719241	8.714638e-06	
3.709541e+06	1	1.611832e-09	1494850122	4.200000e-08	1.256868e-05	1931993247	8.714638e-06	
3.844939e+06	3	1.158886e-05	2328232000	2.300734e-08	8.714638e-06	2173231515	8.924183e-06	3414514926	1.400000e-08	
3.879698e+06	1	2.079746e-05	1	4.578625e-07	2.786881e-05	25	8.714638e-06	
4.313730e+06	1	1.954296e-05	12	3.219534e-07	2.478208e-05	43	1.097976e-05	
4.350542e+06	0	2.806554e-05	4	3.640000e-07	2.581708e-05	55	1.097976e-05	
4.472596e+06	4	9.877196e-06	1104410542	1.400000e-08	8.714638e-06	16	8.714638e-06	2312786130	1.701352e-08	3537925318	1.701352e-08	
4.472596e+06	1	4.390194e-06	3537925318	3.402704e-08	1.171695e-05	2312786130	9.299752e-06	
4.479834e+06	3	1.809004e-05	3196256300	3.392801e-08	1.170558e-05	39	1.097976e-05	1634407402	1.803599e-08	3869596591	1.803599e-08	
5.216620e+06	0	3.287229e-05	4	3.640000e-07	2.581708e-05	474866315	1.256868e-05	
5.259077e+06	1	8.116826e-06	3	3.920000e-07	2.646277e-05	42	1.097976e-05	
5.262367e+06	4	4.434123e-06	73	1.400000e-08	8.714638e-06	3414514926	8.714638e-06	3375523036	1.400000e-08	772925454	1.400000e-08	
5.268602e+06	1	1.656472e-05	3	4.060000e-07	2.677413e-05	63	8.714638e-06	
5.315480e+06	0	1.879968e-05	83	2.800000e-08	1.097976e-05	40	1.097976e-05	
5.365928e+06	0	2.784658e-05	4	3.640000e-07	2.581708e-05	27	1.097976e-05	
5.377790e+06	1	1.235901e-05	11	8.851816e-07	3.471769e-05	1035956119	9.086490e-06	
5.415687e+06	0	3.022133e-05	2	2.950344e-07	2.407119e-05	73	8.714638e-06	
5.580977e+06	0	2.846703e-05	1	4.578625e-07	2.786881e-05	3187199216	1.490182e-05	
6.012388e+06	4	1.001752e-05	83	1.400000e-08	8.714638e-06	65	1.097976e-05	2215785330	1.400000e-08	3491092596	1.400000e-08	57770090	1.400000e-08	
6.345840e+06	0	3.573034e-05	3	4.060000e-07	2.677413e-05	2	2.407119e-05	
6.585959e+06	4	5.471458e-06	66	1.400000e-08	8.714638e-06	1634407402	9.482438e-06	3071577057	1.601800e-08	1452489764	1.601800e-08	
6.585959e+06	1	3.289105e-06	1452489764	3.203599e-08	1.148381e-05	3071577057	9.114708e-06	
6.649625e+06	4	9.261329e-06	100	1.400000e-08	8.714638e-06	40	1.097976e-05	4260098875	1.400000e-08	3696843781	1.400000e-08	2138100036	1.400000e-08	
6.649625e+06	1	2.804489e-09	3696843781	2.800000e-08	1.097976e-05	4260098875	8.714638e-06	
6.649625e+06	1	2.530646e-09	3696843781	4.200000e-08	1.256868e-05	2138100036	8.714638e-06	
6.754891e+06	1	1.124632e-05	3	4.340000e-07	2.737600e-05	55	1.097976e-05	
6.912229e+06	4	7.169359e-06	26	1.400000e-08	8.714638e-06	57770090	8.714638e-06	1726701215	1.400000e-08	1412415798	1.400000e-08	
6.912947e+06	1	2.785246e-06	1412415798	2.800000e-08	1.097976e-05	1726701215	8.714638e-06	
7.007888e+06	0	3.090700e-05	1	4.578625e-07	2.786881e-05	3187199216	1.490182e-05	
7.030650e+06	0	4.077582e-05	4	3.640000e-07	2.581708e-05	12	2.478208e-05	
7.186813e+06	1	2.625840e-05	11	9.131816e-07	3.507996e-05	112	1.097976e-05	
7.381228e+06	1	1.525526e-05	4	3.780000e-07	2.614391e-05	3491092596	8.714638e-06	
7.396981e+06	1	1.051874e-05	11	9.411816e-07	3.543489e-05	46	1.097976e-05	
7.483145e+06	3	1.308539e-05	99	1.400000e-08	8.714638e-06	3375523036	8.714638e-06	375852842	1.400000e-08	3593732192	1.400000e-08	
7.614648e+06	4	9.247352e-06	3537925318	1.400000e-08	8.714638e-06	20	1.097976e-05	3888264012	1.600901e-08	313359544	1.600901e-08	217284033	1.600901e-08	
7.655760e+06	1	2.148089e-05	7	6.598697e-07	3.147937e-05	67	1.097976e-05	
7.760303e+06	0	3.117637e-05	2	2.950344e-07	2.407119e-05	30	8.714638e-06	
7.834887e+06	0	1.490310e-05	88	2.800000e-08	1.097976e-05	62	1.097976e-05	
7.852701e+06	2	2.524718e-05	3	7.520729e-07	3.288213e-05	4	2.614391e-05	2151269300	1.498176e-08	3913511150	1.498176e-08	2962530363	1.498176e-08	2063946235	1.498176e-08	
7.926426e+06	3	1.328107e-05	74	2.247730e-08	9.743873e-06	1026028388	8.724292e-06	1172086036	1.956928e-08	
7.929796e+06	3	1.168414e-05	53	1.400000e-08	8.714638e-06	30	8.714638e-06	690117576	1.400000e-08	3288380490	1.400000e-08	
7.938876e+06	1	9.924905e-02	0	1.000000e+00	1.000000e-01	143	1.097976e-05	
7.973423e+06	3	1.335262e-05	1412415798	2.474132e-08	9.518133e-06	2962530363	8.913761e-06	845665321	1.824044e-08	
8.024040e+06	2	1.345031e-05	9	3.417650e-07	2.528032e-05	3696843781	1.256868e-05	3122982648	2.370497e-08	
8.093097e+06	0	2.977586e-05	2	2.950344e-07	2.407119e-05	3913511150	8.913761e-06	
8.316899e+06	4	1.043205e-05	32	1.400000e-08	8.714638e-06	845665321	9.518133e-06	1471982444	1.612022e-08	3303338876	1.612022e-08	
8.360796e+06	0	4.901841e-05	11	9.411816e-07	3.543489e-05	9	2.528032e-05	
8.422893e+06	1	2.372230e-06	1	4.718625e-07	2.815001e-05	3537925318	8.714638e-06	
8.508769e+06	4	7.156473e-06	62	1.400000e-08	8.714638e-06	2063946235	8.913761e-06	2875471576	1.449088e-08	1738909006	1.449088e-08	
8.548016e+06	4	7.158758e-06	73	1.400000e-08	8.714638e-06	32	8.714638e-06	356405251	1.400000e-08	
8.548016e+06	4	7.158758e-06	74	2.247730e-08	8.321334e-06	33	8.714638e-06	2879167783	1.400000e-08	
8.548016e+06	4	7.101752e-06	75	1.400000e-08	8.714638e-06	34	1.097976e-05	3083352544	1.400000e-08	4198169764	1.400000e-08	821115011	1.400000e-08	
8.548468e+06	1	8.609990e-02	0	1.000000e+00	1.000000e-01	53	8.714638e-06	
8.548485e+06	1	9.718860e-02	0	1.000000e+00	1.000000e-01	113	1.097976e-05	
8.551100e+06	1	9.920753e-02	0	1.000000e+00	1.000000e-01	375852842	8.714638e-06	
8.552236e+06	1	9.543954e-02	0	1.000000e+00	1.000000e-01	127	1.097976e-05	
8.553671e+06	1	9.590164e-02	0	1.000000e+00	1.000000e-01	14	2.513737e-05	
8.553827e+06	1	9.053772e-02	0	1.000000e+00	1.000000e-01	117	1.097976e-05	
8.554534e+06	1	9.945913e-02	0	1.000001e+00	1.000000e-01	119	1.097976e-05	
8.554952e+06	1	9.875541e-02	0	1.000001e+00	1.000000e-01	73	8.714638e-06	
8.555019e+06	1	9.671261e-02	0	1.000001e+00	1.000000e-01	96	1.097976e-05	
8.561835e+06	1	9.992866e-02	0	1.000001e+00	1.000000e-01	1452489764	1.148381e-05	
8.565821e+06	1	8.709472e-02	0	1.000001e+00	1.000000e-01	1285693762	1.256868e-05	
8.566747e+06	1	9.898424e-02	0	1.000001e+00	1.000000e-01	102	1.097976e-05	
8.566868e+06	1	9.808597e-02	0	1.000001e+00	1.000000e-01	92	1.097976e-05	
8.567415e+06	1	9.971690e-02	0	1.000001e+00	1.000000e-01	1172086036	9.743873e-06	
8.568043e+06	1	9.481457e-02	0	1.000001e+00	1.000000e-01	52	1.097976e-05	
8.568586e+06	1	9.937544e-02	0	1.000001e+00	1.000000e-01	85	1.275249e-05	
8.568772e+06	1	9.758609e-02	0	1.000001e+00	1.000000e-01	62	8.714638e-06	
8.569051e+06	1	9.694776e-02	0	1.000001e+00	1.000000e-01	138	1.097976e-05	
8.569299e+06	1	9.864601e-02	0	1.000001e+00	1.000000e-01	149	1.097976e-05	
8.569896e+06	1	9.978686e-02	0	1.000001e+00	1.000000e-01	44	1.097976e-05	
8.571094e+06	1	9.948845e-02	0	1.000001e+00	1.000000e-01	12	2.478208e-05	
8.577698e+06	1	9.874130e-02	0	1.000001e+00	1.000000e-01	3179285865	1.256868e-05	
8.581345e+06	1	5.173288e-05	1068020906	9.543280e-04	3.559912e-04	151	1.097976e-05	
8.582531e+06	1	9.969509e-02	0	1.000001e+00	1.000000e-01	310481256	9.086490e-06	
8.599971e+06	1	9.983127e-02	0	1.000001e+00	1.000000e-01	3593732192	8.714638e-06	
8.601241e+06	1	9.723373e-02	0	1.000001e+00	1.000000e-01	37	1.097976e-05	
8.603601e+06	1	9.619897e-02	0	1.000002e+00	1.000001e-01	9	2.528032e-05	
8.604726e+06	1	9.984237e-02	0	1.000002e+00	1.000001e-01	27	1.097976e-05	
8.604897e+06	1	9.532105e-02	0	1.000002e+00	1.000001e-01	129	1.097976e-05	
8.606168e+06	1	9.461164e-02	0	1.000002e+00	1.000001e-01	41	1.097976e-05	
8.606476e+06	1	9.879656e-02	0	1.000002e+00	1.000001e-01	68	8.714638e-06	
8.612710e+06	1	9.969589e-02	0	1.000002e+00	1.000001e-01	2875471576	8.815324e-06	
8.613399e+06	1	8.254144e-02	0	1.000002e+00	1.000001e-01	133	1.097976e-05	
8.614052e+06	1	9.694232e-02	0	1.000002e+00	1.000001e-01	3122982648	1.038691e-05	
8.616537e+06	1	9.645378e-02	0	1.000002e+00	1.000001e-01	81	1.097976e-05	
8.620662e+06	1	9.938310e-02	0	1.000002e+00	1.000001e-01	356405251	8.714638e-06	
8.625965e+06	1	9.937081e-02	0	1.000002e+00	1.000001e-01	131	1.097976e-05	
8.626423e+06	1	9.915875e-02	0	1.000002e+00	1.000001e-01	61	1.097976e-05	
8.637379e+06	1	9.778468e-02	0	1.000002e+00	1.000001e-01	551137729	9.086490e-06	
8.642631e+06	1	9.777514e-02	0	1.000002e+00	1.000001e-01	1412415798	9.518133e-06	
8.646871e+06	1	9.745163e-02	0	1.000002e+00	1.000001e-01	74	8.321334e-06	
8.649899e+06	1	9.971664e-02	0	1.000002e+00	1.000001e-01	36	1.097976e-05	
8.664959e+06	1	9.956543e-02	0	1.000002e+00	1.000001e-01	690117576	8.714638e-06	
8.678574e+06	1	9.660483e-02	0	1.000002e+00	1.000001e-01	66	8.714638e-06	
8.688437e+06	1	9.936784e-02	0	1.000002e+00	1.000001e-01	1471982444	9.134056e-06	
8.707785e+06	1	9.942566e-02	0	1.000002e+00	1.000001e-01	91	1.097976e-05	
8.776689e+06	1	9.980288e-02	0	1.000002e+00	1.000001e-01	98	1.097976e-05	
8.816386e+06	1	9.970759e-02	0	1.000003e+00	1.000001e-01	3	3.288213e-05	
8.871114e+06	1	9.986304e-02	0	1.000003e+00	1.000001e-01	821115011	8.714638e-06	
8.878382e+06	1	9.978742e-02	0	1.000003e+00	1.000001e-01	2	2.407119e-05	
9.060745e+06	1	9.993745e-02	0	1.000003e+00	1.000001e-01	3888264012	9.113003e-06	
9.349198e+06	4	5.762947e-06	56	1.400000e-08	8.714638e-06	26	8.714638e-06	2118016430	1.400000e-08	1945735688	1.400000e-08	
9.561137e+06	1	9.926348e-02	0	1.000003e+00	1.000001e-01	4198169764	8.714638e-06	
1.000796e+07	1	9.978776e-02	0	1.000003e+00	1.000001e-01	101	1.097976e-05	
1.013869e+07	1	9.985465e-02	0	1.000003e+00	1.000001e-01	313359544	9.113003e-06	
1.016215e+07	4	1.004416e-05	1494850122	1.400000e-08	8.714638e-06	75	8.714638e-06	4093093422	1.400000e-08	2842015324	1.400000e-08	1249238030	1.400000e-08	
1.016215e+07	1	1.785665e-08	2842015324	2.800000e-08	1.097976e-05	4093093422	8.714638e-06	
1.016215e+07	1	1.549097e-08	2842015324	4.200000e-08	1.256868e-05	1249238030	8.714638e-06	
1.020852e+07	3	9.788256e-06	217284033	1.600901e-08	8.714638e-06	56	8.714638e-06	3214077756	1.400000e-08	
1.020867e+07	0	1.346184e-05	217284033	1.600901e-08	8.714638e-06	3214077756	8.714638e-06	
1.031446e+07	0	1.536365e-05	24	2.800000e-08	1.097976e-05	3869596591	9.482438e-06	
1.058558e+07	0	3.356723e-05	1	4.718625e-07	2.815001e-05	217284033	8.714638e-06	
1.094880e+07	3	1.724511e-05	2842015324	1.400000e-08	8.714638e-06	217284033	8.714638e-06	879162223	1.466967e-08	3884425642	1.466967e-08	1149406307	1.466967e-08	
1.130193e+07	4	4.506806e-06	24	1.400000e-08	8.714638e-06	879162223	8.851430e-06	3528332227	1.433484e-08	4004407106	1.433484e-08	
1.134690e+07	3	5.912994e-06	1	4.689207e-07	2.809138e-05	2842015324	8.714638e-06	451270221	1.694177e-08	
1.145247e+07	4	5.112847e-06	1149406307	1.500451e-08	8.714638e-06	4004407106	8.783567e-06	3149440925	1.400000e-08	
1.145247e+07	4	5.079138e-06	451270221	1.794628e-08	8.714638e-06	1149406307	8.714638e-06	2250775120	1.400000e-08	
1.155681e+07	1	9.976235e-02	0	1.000003e+00	1.000001e-01	1738909006	8.815324e-06	
1.160158e+07	0	3.344497e-05	1	4.689207e-07	2.809138e-05	2328232000	8.714638e-06	
1.184697e+07	4	5.346101e-06	3214077756	1.400000e-08	8.714638e-06	1494850122	8.714638e-06	1130108289	1.400000e-08	
1.191863e+07	3	1.220130e-05	451270221	1.892804e-08	8.022331e-06	3913511150	8.913761e-06	2177968201	1.400000e-08	
1.200382e+07	3	1.672534e-05	1	4.615298e-07	2.794301e-05	3884425642	8.851430e-06	2914302410	2.206059e-08	
1.208489e+07	3	2.449674e-05	1	4.580414e-07	2.787244e-05	451270221	8.022331e-06	3655816389	2.241645e-08	
1.217430e+07	0	3.226622e-05	1	4.580414e-07	2.787244e-05	3655816389	1.019520e-05	
1.243129e+07	3	1.388666e-05	3655816389	2.241645e-08	8.714638e-06	2118016430	8.714638e-06	3485819286	1.400000e-08	
1.260286e+07	1	2.443657e-05	1	4.723762e-07	2.816022e-05	3528332227	8.783567e-06	
1.262832e+07	0	3.184889e-05	1	4.723762e-07	2.816022e-05	1130108289	8.714638e-06	
1.276838e+07	1	1.361776e-05	1	4.873580e-07	2.845483e-05	2151269300	8.913761e-06	
1.282619e+07	1	1.854784e-05	1	5.013580e-07	2.872473e-05	2250775120	8.714638e-06	
1.318952e+07	0	9.505669e-06	3149440925	1.400000e-08	8.714638e-06	24	8.714638e-06	
1.403975e+07	2	1.471602e-05	1	5.072870e-07	2.883752e-05	2914302410	1.014096e-05	1382686479	1.613156e-08	
1.403975e+07	2	1.432208e-05	1	5.124709e-07	2.893542e-05	3655816389	8.714638e-06	1803925302	1.723255e-08	
1.412553e+07	0	3.269876e-05	1	5.124709e-07	2.893542e-05	1130108289	8.714638e-06	
1.460413e+07	0	1.510319e-05	1803925302	1.723255e-08	9.339490e-06	1382686479	9.136197e-06	
1.478184e+07	4	2.979361e-06	1803925302	1.723255e-08	8.714638e-06	1130108289	8.714638e-06	3293059020	1.400000e-08	
1.478184e+07	4	2.969255e-06	3293059020	1.400000e-08	8.714638e-06	2177968201	8.022331e-06	378125977	1.400000e-08	
1.478755e+07	1	8.315114e-06	378125977	2.800000e-08	1.097976e-05	3293059020	8.714638e-06	
1.485842e+07	3	1.509562e-05	3869596591	1.803599e-08	8.714638e-06	24	8.714638e-06	2159618959	1.400000e-08	
1.487000e+07	1	9.992191e-02	0	1.000003e+00	1.000001e-01	3214077756	8.714638e-06	
1.488008e+07	1	9.992201e-02	0	1.000003e+00	1.000001e-01	80	1.097976e-05	
1.489207e+07	1	9.986838e-02	0	1.000003e+00	1.000001e-01	378125977	1.097976e-05	
1.489270e+07	1	9.996327e-02	0	1.000003e+00	1.000001e-01	3149440925	8.714638e-06	
1.495238e+07	1	9.772182e-02	0	1.000003e+00	1.000001e-01	3869596591	8.714638e-06	
1.495978e+07	1	9.721252e-02	0	1.000003e+00	1.000001e-01	1803925302	8.714638e-06	
1.501854e+07	1	9.932863e-02	0	1.000003e+00	1.000001e-01	772925454	8.714638e-06	
1.622903e+07	1	9.964820e-02	0	1.000003e+00	1.000001e-01	3485819286	8.714638e-06	
1.944480e+07	1	9.999354e-02	0	1.000003e+00	1.000001e-01	1382686479	9.136197e-06	
4.245985e+07	1	9.964593e-02	0	1.000003e+00	1.000001e-01	1945735688	8.714638e-06	
