3.334539e+03	1	1.142462e-05	57	5.600000e-08	1.383363e-05	53	1.097976e-05	
2.327524e+04	1	2.998001e-05	12	3.080000e-07	2.441876e-05	96	1.097976e-05	
2.678438e+04	1	2.612801e-05	4	3.080000e-07	2.441876e-05	52	1.097976e-05	
2.925544e+04	0	3.231715e-05	4	3.080000e-07	2.441876e-05	61	1.097976e-05	
3.678367e+04	1	1.443634e-05	139	5.600000e-08	1.383363e-05	137	1.097976e-05	
3.682489e+04	1	2.087889e-05	1	3.080000e-07	2.441876e-05	25	1.097976e-05	
3.695649e+04	1	1.626716e-05	9	3.080000e-07	2.441876e-05	113	1.097976e-05	
6.562912e+04	1	2.945205e-06	31	5.600000e-08	1.383363e-05	29	1.097976e-05	
6.818211e+04	1	1.173914e-05	21	5.600000e-08	1.383363e-05	18	1.097976e-05	
6.822796e+04	3	8.817925e-06	82	2.690081e-08	1.083416e-05	62	1.097976e-05	3687573659	1.454959e-08	3196256300	1.454959e-08	
1.053061e+05	2	2.049923e-05	9	5.457530e-07	2.954872e-05	11	2.365517e-05	848448836	1.408232e-08	2211003714	1.408232e-08	2916276788	1.408232e-08	
1.095186e+05	1	1.106623e-05	34	5.600000e-08	1.383363e-05	32	1.097976e-05	
1.120268e+05	1	1.441672e-05	4	3.360000e-07	2.513737e-05	55	1.097976e-05	
1.169520e+05	1	1.704758e-05	2	3.080000e-07	2.441876e-05	30	1.097976e-05	
1.253938e+05	1	2.739045e-05	5	3.080000e-07	2.441876e-05	71	1.097976e-05	
1.462303e+05	1	2.486299e-05	14	3.080000e-07	2.441876e-05	127	1.097976e-05	
1.558803e+05	0	2.843580e-05	7	2.800000e-07	2.365517e-05	60	1.097976e-05	
1.773648e+05	0	1.573490e-05	17	2.800000e-08	1.097976e-05	15	1.097976e-05	
2.350109e+05	1	2.270755e-05	9	5.737530e-07	3.004565e-05	80	1.097976e-05	
2.715316e+05	0	2.985553e-05	1	3.080000e-07	2.441876e-05	26	1.097976e-05	
3.198590e+05	0	1.755717e-05	57	5.600000e-08	1.383363e-05	40	1.097976e-05	
3.506967e+05	1	1.722410e-05	1	3.360000e-07	2.513737e-05	22	1.097976e-05	
3.903891e+05	1	2.504576e-05	1	3.640000e-07	2.581708e-05	26	1.097976e-05	
5.064139e+05	0	2.937684e-05	10	2.800000e-07	2.365517e-05	68	1.097976e-05	
5.875838e+05	2	4.335352e-06	4	5.396527e-07	2.943821e-05	3	2.365517e-05	3696193412	1.526947e-08	15308464	1.526947e-08	1239307652	1.526947e-08	1945448119	1.526947e-08	3396227953	1.526947e-08	
6.624087e+05	3	7.929527e-06	40	2.283453e-08	9.885480e-06	1945448119	8.970458e-06	3321237907	2.043493e-08	
6.659357e+05	2	2.383505e-06	7	3.029670e-07	2.428502e-05	57	1.383363e-05	3187199216	1.651648e-08	3330100144	1.651648e-08	
6.950221e+05	4	2.718307e-06	21	1.400000e-08	8.714638e-06	20	1.097976e-05	310481256	1.750000e-08	817087088	1.750000e-08	551137729	1.750000e-08	1218250404	1.750000e-08	
6.950221e+05	1	9.110782e-09	551137729	3.500000e-08	1.182758e-05	817087088	9.387559e-06	
6.950221e+05	1	9.101207e-09	1218250404	3.500000e-08	1.182758e-05	310481256	9.387559e-06	
6.950221e+05	1	9.382712e-09	1218250404	7.000000e-08	1.490182e-05	551137729	1.182758e-05	
7.119200e+05	1	1.159284e-05	1218250404	8.400000e-08	1.583555e-05	21	8.714638e-06	
7.140294e+05	0	2.666230e-05	1218250404	8.400000e-08	1.583555e-05	23	1.097976e-05	
7.285100e+05	2	1.080793e-05	68	3.598128e-08	1.193710e-05	59	1.097976e-05	1035956119	2.001872e-08	
7.506667e+05	2	1.920763e-05	2	3.211932e-07	2.476255e-05	37	1.097976e-05	1211996162	1.480682e-08	
8.915923e+05	1	2.413613e-05	10	3.080000e-07	2.441876e-05	91	1.097976e-05	
9.314773e+05	0	2.541240e-05	6	2.800000e-07	2.365517e-05	48	1.097976e-05	
9.866367e+05	0	1.744051e-05	19	2.800000e-08	1.097976e-05	16	1.097976e-05	
1.010369e+06	3	7.181388e-06	88	1.400000e-08	8.714638e-06	3687573659	8.827213e-06	188552836	1.427480e-08	2029773149	1.427480e-08	
1.039055e+06	0	2.989797e-05	5	3.080000e-07	2.441876e-05	79	1.097976e-05	
1.054485e+06	1	9.854878e-02	0	1.000000e+00	1.000000e-01	149	1.097976e-05	
1.095241e+06	3	4.748096e-06	1218250404	8.230946e-08	1.572859e-05	16	1.097976e-05	302486611	1.484527e-08	1842102965	1.484527e-08	
1.107267e+06	1	1.594582e-05	1218250404	9.715473e-08	1.662244e-05	1842102965	8.886609e-06	
1.200788e+06	0	2.202525e-05	1218250404	9.715473e-08	1.662244e-05	302486611	8.886609e-06	
1.306810e+06	1	3.214861e-05	9	8.817530e-07	3.467281e-05	12	2.441876e-05	
1.347976e+06	2	1.069161e-05	6	2.916784e-07	2.397957e-05	106	1.097976e-05	1285693762	1.632165e-08	
1.353109e+06	1	2.400195e-05	7	3.309670e-07	2.501122e-05	63	1.097976e-05	
1.360701e+06	3	1.310419e-05	67	1.400000e-08	8.714638e-06	48	1.097976e-05	1078741991	1.400000e-08	2723643411	1.400000e-08	1804212609	1.400000e-08	
1.360701e+06	1	1.691607e-09	1804212609	2.800000e-08	1.097976e-05	1078741991	8.714638e-06	
1.360701e+06	1	1.202324e-09	1804212609	4.200000e-08	1.256868e-05	2723643411	8.714638e-06	
1.380982e+06	2	7.381153e-06	126	3.532445e-08	1.186402e-05	111	1.097976e-05	438292632	2.067555e-08	
1.538219e+06	2	3.359351e-06	5	4.544192e-07	2.779877e-05	6	2.397957e-05	2001290253	1.452591e-08	3147695692	1.452591e-08	3179285865	1.452591e-08	2173231515	1.452591e-08	740082705	1.452591e-08	2795063678	1.452591e-08	3642829293	1.452591e-08	2707128518	1.452591e-08	474866315	1.452591e-08	1639799867	1.452591e-08	
1.538219e+06	1	4.333769e-06	1639799867	2.905182e-08	1.111555e-05	474866315	8.822421e-06	
1.538219e+06	1	1.540094e-06	2173231515	2.905182e-08	1.111555e-05	3179285865	8.822421e-06	
1.538219e+06	1	1.077706e-06	1639799867	4.357773e-08	1.272413e-05	2707128518	8.822421e-06	
1.538219e+06	1	1.917210e-06	2173231515	4.357773e-08	1.272413e-05	740082705	8.822421e-06	
1.538219e+06	1	8.825310e-07	1639799867	5.810364e-08	1.400472e-05	2001290253	8.822421e-06	
1.538219e+06	1	1.058135e-06	2173231515	5.810364e-08	1.400472e-05	3147695692	8.822421e-06	
1.555885e+06	0	2.088265e-05	31	5.600000e-08	1.383363e-05	23	1.097976e-05	
1.567817e+06	3	1.164225e-05	122	1.400000e-08	8.714638e-06	81	1.097976e-05	1026028388	1.400000e-08	1128056158	1.400000e-08	2909632847	1.400000e-08	
1.567817e+06	1	1.875888e-09	2909632847	2.800000e-08	1.097976e-05	1026028388	8.714638e-06	
1.567817e+06	1	1.727482e-09	2909632847	4.200000e-08	1.256868e-05	1128056158	8.714638e-06	
1.627680e+06	1	2.177342e-05	5	4.689688e-07	2.809235e-05	3196256300	8.827213e-06	
1.689484e+06	3	1.089553e-05	1218250404	4.948439e-08	1.327484e-05	19	1.097976e-05	937177227	1.513407e-08	3393811039	1.513407e-08	611212867	1.513407e-08	1104410542	1.513407e-08	2328232000	1.513407e-08	
1.689484e+06	1	1.198651e-08	2328232000	3.026814e-08	1.126856e-05	937177227	8.943865e-06	
1.689484e+06	1	1.183691e-08	1104410542	3.026814e-08	1.126856e-05	611212867	8.943865e-06	
1.689484e+06	1	2.997538e-08	2328232000	4.540220e-08	1.289929e-05	3393811039	8.943865e-06	
1.697538e+06	1	7.466206e-06	1218250404	9.488659e-08	1.649206e-05	2328232000	1.289929e-05	
1.713824e+06	1	1.063022e-05	1218250404	1.251547e-07	1.808655e-05	1104410542	1.126856e-05	
1.754770e+06	0	1.528480e-05	84	2.800000e-08	1.097976e-05	65	1.097976e-05	
1.821046e+06	0	1.718661e-05	1639799867	5.810364e-08	1.400472e-05	73	1.097976e-05	
1.822240e+06	0	2.558665e-05	7	3.309670e-07	2.501122e-05	92	1.097976e-05	
1.852184e+06	3	1.381957e-05	33	1.400000e-08	8.714638e-06	17	1.097976e-05	2999719241	1.400000e-08	1931993247	1.400000e-08	1494850122	1.400000e-08	
1.852184e+06	1	1.394868e-08	1931993247	2.800000e-08	1.097976e-05	2999719241	8.714638e-06	
1.852184e+06	1	1.294200e-08	1931993247	4.200000e-08	1.256868e-05	1494850122	8.714638e-06	
1.989284e+06	2	6.692574e-06	58	4.064386e-08	1.243192e-05	44	1.097976e-05	3414514926	1.535614e-08	
1.991426e+06	1	1.816272e-05	8	3.080000e-07	2.441876e-05	89	1.097976e-05	
2.001230e+06	4	7.119824e-06	31	1.400000e-08	8.714638e-06	23	1.097976e-05	2312786130	1.750000e-08	3537925318	1.750000e-08	1634407402	1.750000e-08	3869596591	1.750000e-08	
2.063168e+06	0	3.122394e-05	1	3.640000e-07	2.581708e-05	3537925318	9.387559e-06	
2.129184e+06	0	2.575831e-05	1218250404	1.251547e-07	1.808655e-05	2312786130	9.387559e-06	
2.150069e+06	2	2.464558e-05	2	3.480503e-07	2.543435e-05	1931993247	1.256868e-05	3375523036	1.514291e-08	
2.541951e+06	0	3.116238e-05	7	3.309670e-07	2.501122e-05	2173231515	1.400472e-05	
2.677208e+06	1	9.452264e-02	0	1.000000e+00	1.000000e-01	151	1.097976e-05	
2.693884e+06	1	2.254570e-05	14	3.360000e-07	2.513737e-05	112	1.097976e-05	
2.841897e+06	0	1.624002e-05	114	2.800000e-08	1.097976e-05	15308464	8.970458e-06	
2.865779e+06	0	2.537273e-05	8	3.080000e-07	2.441876e-05	140	1.097976e-05	
2.939750e+06	1	3.570807e-05	9	9.398567e-07	3.541826e-05	1639799867	1.400472e-05	
2.978570e+06	2	6.040368e-06	7	3.388912e-07	2.520926e-05	73	1.097976e-05	772925454	2.007586e-08	
3.038334e+06	4	7.318385e-06	15	1.400000e-08	8.714638e-06	2312786130	9.387559e-06	2215785330	1.575000e-08	3491092596	1.575000e-08	
3.039071e+06	1	6.953232e-06	2215785330	2.975000e-08	1.120389e-05	15	8.714638e-06	
3.088261e+06	3	1.443695e-05	84	1.400000e-08	8.714638e-06	24	1.097976e-05	57770090	1.400000e-08	3071577057	1.400000e-08	1452489764	1.400000e-08	
3.088261e+06	1	1.560460e-08	1452489764	2.800000e-08	1.097976e-05	57770090	8.714638e-06	
3.088261e+06	1	1.379099e-08	1452489764	4.200000e-08	1.256868e-05	3071577057	8.714638e-06	
3.189087e+06	1	2.305037e-05	5	4.969688e-07	2.864066e-05	39	1.097976e-05	
3.315459e+06	0	2.460235e-05	8	3.080000e-07	2.441876e-05	772925454	9.827236e-06	
3.332552e+06	3	5.309254e-06	99	1.400000e-08	8.714638e-06	98	1.097976e-05	4260098875	1.400000e-08	3696843781	1.400000e-08	2138100036	1.400000e-08	
3.332552e+06	1	1.726775e-09	3696843781	2.800000e-08	1.097976e-05	4260098875	8.714638e-06	
3.332552e+06	1	1.424366e-09	3696843781	4.200000e-08	1.256868e-05	2138100036	8.714638e-06	
3.386146e+06	1	2.119111e-05	4	5.676527e-07	2.993879e-05	43	1.097976e-05	
3.520856e+06	4	6.985172e-06	3491092596	1.575000e-08	8.714638e-06	31	8.714638e-06	1726701215	1.400000e-08	
3.547576e+06	3	4.527614e-06	2	3.445568e-07	2.534897e-05	3187199216	9.208293e-06	1412415798	2.000997e-08	
3.565779e+06	0	2.589216e-05	2	3.445568e-07	2.534897e-05	1412415798	9.816474e-06	
3.583819e+06	4	6.419651e-06	3869596591	1.925000e-08	8.714638e-06	3491092596	8.714638e-06	375852842	1.400000e-08	
3.633990e+06	0	1.621414e-05	138	2.800000e-08	1.097976e-05	83	1.097976e-05	
3.684733e+06	1	8.412286e-06	7	3.668912e-07	2.588525e-05	94	1.097976e-05	
3.763041e+06	1	5.507727e-06	1	3.840100e-07	2.628174e-05	1412415798	9.816474e-06	
3.828008e+06	4	1.082482e-05	101	1.400000e-08	8.714638e-06	46	1.097976e-05	3593732192	1.400000e-08	3888264012	1.400000e-08	313359544	1.400000e-08	
3.828008e+06	1	1.104558e-09	313359544	2.800000e-08	1.097976e-05	3593732192	8.714638e-06	
3.828008e+06	1	9.523549e-10	313359544	4.200000e-08	1.256868e-05	3888264012	8.714638e-06	
3.959925e+06	3	1.019142e-05	40	2.283453e-08	8.398010e-06	88	8.714638e-06	217284033	1.400000e-08	
4.053476e+06	0	1.712475e-05	3696843781	4.200000e-08	1.256868e-05	99	8.714638e-06	
4.128603e+06	3	9.992171e-06	61	1.400000e-08	8.714638e-06	3414514926	8.987399e-06	2151269300	1.467807e-08	3913511150	1.467807e-08	
4.244198e+06	0	3.211255e-05	1	3.840100e-07	2.628174e-05	35	1.097976e-05	
4.381708e+06	1	3.148417e-05	9	9.805005e-07	3.592162e-05	58	1.243192e-05	
4.397633e+06	1	1.446870e-05	1	3.988552e-07	2.661614e-05	302486611	8.886609e-06	
4.422096e+06	1	2.369478e-05	5	5.109688e-07	2.890712e-05	61	8.714638e-06	
4.451668e+06	3	1.225202e-05	116	1.400000e-08	8.714638e-06	1211996162	8.878928e-06	2962530363	1.440341e-08	2063946235	1.440341e-08	
4.465793e+06	3	1.663611e-05	108	2.084919e-08	9.951832e-06	97	1.097976e-05	1172086036	1.757541e-08	690117576	1.757541e-08	
4.616074e+06	3	1.343250e-05	130	1.400000e-08	8.714638e-06	95	1.097976e-05	3288380490	1.400000e-08	845665321	1.400000e-08	3122982648	1.400000e-08	
4.616074e+06	1	3.305874e-10	845665321	2.800000e-08	1.097976e-05	3288380490	8.714638e-06	
4.616074e+06	1	2.586234e-09	845665321	4.200000e-08	1.256868e-05	3122982648	8.714638e-06	
4.714771e+06	1	2.010117e-05	9	1.022501e-06	3.642737e-05	3696843781	1.256868e-05	
4.870869e+06	1	2.815585e-05	9	1.036583e-06	3.659384e-05	2916276788	8.731686e-06	
4.885506e+06	0	2.959120e-05	10	3.080000e-07	2.441876e-05	15308464	8.970458e-06	
4.901673e+06	1	5.579844e-06	10	3.288492e-07	2.495776e-05	108	9.951832e-06	
4.907495e+06	0	2.400401e-05	1218250404	1.251547e-07	1.808655e-05	34	1.383363e-05	
4.931439e+06	0	1.626403e-05	102	2.800000e-08	1.097976e-05	38	1.097976e-05	
4.938336e+06	2	1.482109e-05	4	5.693734e-07	2.996901e-05	109	1.097976e-05	1471982444	2.627931e-08	
5.067069e+06	3	1.043868e-05	115	2.708891e-08	1.006781e-05	438292632	9.924127e-06	3303338876	2.158663e-08	
5.129176e+06	3	5.574071e-06	845665321	2.866783e-08	1.106636e-05	2151269300	8.853120e-06	2875471576	1.400512e-08	1738909006	1.400512e-08	
5.178290e+06	1	2.204187e-05	4	5.856950e-07	3.025268e-05	1285693762	9.171942e-06	
5.251151e+06	3	1.510288e-05	86	2.385181e-08	1.040832e-05	45	1.097976e-05	356405251	1.607409e-08	2879167783	1.607409e-08	
5.305103e+06	1	3.080622e-05	9	1.052657e-06	3.678202e-05	356405251	9.125335e-06	
5.380349e+06	1	2.590157e-05	5	5.389688e-07	2.942577e-05	50	1.097976e-05	
5.386927e+06	4	8.642484e-06	2215785330	1.400000e-08	8.714638e-06	1726701215	8.714638e-06	3083352544	1.487500e-08	4198169764	1.487500e-08	
5.504129e+06	1	2.653931e-05	5	5.669688e-07	2.992676e-05	114	1.097976e-05	
5.621685e+06	0	1.916150e-05	34	5.600000e-08	1.383363e-05	375852842	8.714638e-06	
5.773583e+06	0	2.668557e-05	1	3.988552e-07	2.661614e-05	3537925318	9.387559e-06	
5.784742e+06	0	3.150409e-05	4	5.856950e-07	3.025268e-05	67	8.714638e-06	
5.784742e+06	1	2.978741e-05	4	5.996950e-07	3.049183e-05	67	8.714638e-06	
5.872010e+06	4	6.168387e-06	117	1.400000e-08	8.714638e-06	3696193412	8.970458e-06	821115011	1.463473e-08	2118016430	1.463473e-08	
5.908607e+06	1	2.087866e-05	4	6.276950e-07	3.095919e-05	28	1.097976e-05	
6.733639e+06	1	1.707768e-05	9	1.066932e-06	3.694754e-05	188552836	8.771287e-06	
6.782507e+06	1	1.746518e-05	9	1.094932e-06	3.726797e-05	75	1.097976e-05	
6.821062e+06	1	2.990872e-05	5	5.940577e-07	3.039599e-05	115	1.006781e-05	
6.834953e+06	1	2.788536e-05	5	6.168923e-07	3.078056e-05	40	8.398010e-06	
6.929329e+06	0	1.633614e-05	1452489764	4.200000e-08	1.256868e-05	3321237907	9.885480e-06	
6.933741e+06	3	2.571847e-05	2	2.677967e-07	2.330639e-05	154	1.097976e-05	1945735688	1.496573e-08	4093093422	1.496573e-08	2842015324	1.496573e-08	1249238030	1.496573e-08	3214077756	1.496573e-08	879162223	1.496573e-08	3884425642	1.496573e-08	
7.029201e+06	1	2.366994e-05	1	4.138210e-07	2.694496e-05	4093093422	8.910580e-06	
7.106789e+06	3	1.193574e-05	4198169764	1.487500e-08	8.714638e-06	375852842	8.714638e-06	1149406307	1.400000e-08	
7.130215e+06	1	2.284890e-05	2	2.827624e-07	2.373270e-05	3214077756	8.910580e-06	
7.200749e+06	3	1.417837e-05	34	1.400000e-08	8.714638e-06	1634407402	9.387559e-06	3528332227	1.487500e-08	4004407106	1.487500e-08	451270221	1.487500e-08	3149440925	1.487500e-08	
7.200749e+06	1	8.236491e-09	3149440925	2.975000e-08	1.120389e-05	3528332227	8.892537e-06	
7.200749e+06	1	8.235337e-09	451270221	2.975000e-08	1.120389e-05	4004407106	8.892537e-06	
7.200749e+06	2	6.710248e-09	3149440925	4.472506e-08	1.283484e-05	451270221	1.120389e-05	2250775120	1.477494e-08	
7.200749e+06	1	5.740844e-09	3149440925	5.950000e-08	1.411602e-05	2250775120	8.872553e-06	
7.276333e+06	1	3.233484e-05	9	1.122932e-06	3.758297e-05	47	1.097976e-05	
7.326323e+06	3	7.727907e-06	1218250404	2.002562e-08	9.819032e-06	35	1.097976e-05	1130108289	1.479212e-08	2177968201	1.479212e-08	2914302410	1.479212e-08	3655816389	1.479212e-08	3485819286	1.479212e-08	1382686479	1.479212e-08	1803925302	1.479212e-08	3293059020	1.479212e-08	378125977	1.479212e-08	
7.343766e+06	1	6.706876e-06	1	4.286131e-07	2.726226e-05	3485819286	8.875991e-06	
7.348387e+06	0	1.158114e-05	1218250404	2.002562e-08	9.819032e-06	33	8.714638e-06	
7.489495e+06	3	1.308227e-05	3884425642	1.593146e-08	8.714638e-06	1945735688	8.910580e-06	2159618959	1.400000e-08	
7.516555e+06	1	8.354175e-06	2	2.967624e-07	2.411809e-05	33	8.714638e-06	
7.624406e+06	3	1.249930e-05	82	1.400000e-08	8.714638e-06	1239307652	8.970458e-06	2441325815	1.408514e-08	3401497744	1.408514e-08	
7.630457e+06	3	1.296251e-05	4198169764	1.566712e-08	8.540298e-06	1382686479	8.875991e-06	4069401935	1.400000e-08	
7.639124e+06	4	8.062147e-06	1803925302	1.558425e-08	8.714638e-06	2914302410	8.875991e-06	134948105	1.400000e-08	
7.684533e+06	3	1.265544e-05	102	1.400000e-08	8.714638e-06	3642829293	8.822421e-06	1998372786	1.426296e-08	2455922112	1.426296e-08	
7.692968e+06	0	1.583695e-05	36	2.800000e-08	1.097976e-05	1149406307	8.714638e-06	
7.825279e+06	1	6.495419e-06	2	3.117281e-07	2.451689e-05	1249238030	8.910580e-06	
7.841430e+06	4	1.357989e-05	3149440925	1.400000e-08	8.714638e-06	34	8.714638e-06	3059103076	1.487500e-08	432337108	1.487500e-08	1902671923	1.487500e-08	4209590891	1.487500e-08	
7.841430e+06	1	7.616350e-09	4209590891	2.975000e-08	1.120389e-05	1902671923	8.892537e-06	
7.841430e+06	1	7.616255e-09	432337108	2.975000e-08	1.120389e-05	3059103076	8.892537e-06	
7.841430e+06	2	4.984277e-09	4209590891	4.318185e-08	1.268549e-05	432337108	1.120389e-05	77395223	1.631815e-08	
7.841430e+06	3	3.754196e-09	4209590891	4.126443e-08	1.249488e-05	77395223	9.171288e-06	3592986772	1.823557e-08	
7.841973e+06	1	1.180303e-05	4209590891	5.526443e-08	1.377279e-05	3149440925	8.714638e-06	
7.972486e+06	4	4.751490e-06	65	1.400000e-08	8.714638e-06	217284033	8.398010e-06	1246511018	1.400000e-08	3986570268	1.400000e-08	
8.033444e+06	1	2.552019e-05	1	4.426131e-07	2.755591e-05	2159618959	8.714638e-06	
8.131012e+06	1	2.376879e-05	2	3.317538e-07	2.503102e-05	1218250404	9.819032e-06	
8.167787e+06	0	3.884135e-05	9	1.122932e-06	3.758297e-05	76	1.097976e-05	
8.262831e+06	4	6.963812e-06	3869596591	2.004212e-08	7.836975e-06	1130108289	8.875991e-06	174500547	1.400000e-08	
8.321642e+06	3	1.735543e-05	87	2.018523e-08	9.845050e-06	72	1.097976e-05	4083845756	1.790738e-08	110358663	1.790738e-08	
8.341176e+06	4	9.885314e-06	4209590891	1.400000e-08	8.714638e-06	2177968201	8.875991e-06	1370908750	1.401414e-08	1837234470	1.401414e-08	2945849429	1.401414e-08	66296937	1.401414e-08	
8.484321e+06	0	1.012618e-05	3869596591	2.004212e-08	7.836975e-06	174500547	7.836975e-06	
8.484321e+06	0	8.586496e-06	3869596591	2.004212e-08	7.836975e-06	174500547	7.836975e-06	
8.509080e+06	1	8.101867e-06	1246511018	2.800000e-08	1.097976e-05	4209590891	8.714638e-06	
8.536662e+06	0	1.725530e-05	3592986772	1.823557e-08	9.517286e-06	1837234470	8.717571e-06	
8.537029e+06	0	1.428649e-05	3303338876	2.158663e-08	1.006781e-05	65	8.714638e-06	
8.546975e+06	4	9.274920e-06	3592986772	1.990269e-08	8.714638e-06	4198169764	8.540298e-06	976558236	1.400000e-08	
8.570593e+06	4	5.123701e-06	3083352544	1.487500e-08	8.714638e-06	4069401935	8.540298e-06	2438291630	1.400000e-08	
8.570593e+06	4	5.111568e-06	3083352544	1.487500e-08	8.540298e-06	134948105	8.714638e-06	906368509	1.400000e-08	
8.570717e+06	3	1.046364e-05	4083845756	1.792152e-08	8.714638e-06	1837234470	8.717571e-06	3783228500	1.400000e-08	
8.609241e+06	3	1.221924e-05	51	1.400000e-08	8.714638e-06	821115011	8.844398e-06	2858952728	1.431737e-08	395113485	1.431737e-08	
8.629288e+06	0	1.484042e-05	3986570268	1.400000e-08	8.714638e-06	2215785330	8.714638e-06	
8.642825e+06	4	4.433273e-06	3869596591	2.004212e-08	6.953603e-06	2215785330	8.714638e-06	4019363830	1.400000e-08	
8.674197e+06	4	8.690225e-06	3537925318	1.908425e-08	8.714638e-06	1803925302	8.714638e-06	3016084464	1.400000e-08	
8.732796e+06	4	4.872951e-06	378125977	1.479212e-08	8.714638e-06	906368509	8.540298e-06	921818415	1.400000e-08	
8.760092e+06	3	2.787810e-06	1246511018	1.400000e-08	8.714638e-06	2438291630	8.714638e-06	2892683898	1.400000e-08	3697249003	1.400000e-08	
8.760766e+06	1	1.076382e-05	3697249003	2.800000e-08	1.097976e-05	2892683898	8.714638e-06	
8.783782e+06	0	1.610502e-05	3697249003	2.800000e-08	1.097976e-05	1246511018	8.714638e-06	
8.824803e+06	4	3.695026e-06	3303338876	2.184959e-08	8.714638e-06	1998372786	8.768861e-06	3983774618	1.400000e-08	
8.926371e+06	3	1.218651e-05	36	1.400000e-08	8.714638e-06	3303338876	8.714638e-06	4187488967	1.792479e-08	898751805	1.792479e-08	
8.936933e+06	1	1.951801e-05	2	3.457538e-07	2.537829e-05	65	8.714638e-06	
9.055271e+06	3	3.716082e-06	66296937	1.401414e-08	8.714638e-06	3783228500	8.714638e-06	3632514288	1.400000e-08	
9.055271e+06	3	3.646807e-06	2858952728	1.433151e-08	8.714638e-06	66296937	8.714638e-06	410848061	1.400000e-08	
9.057637e+06	4	6.278484e-06	898751805	1.871692e-08	8.714638e-06	3293059020	8.875991e-06	2791633391	1.400000e-08	
9.065774e+06	1	9.433273e-06	898751805	3.271692e-08	1.049773e-05	2791633391	8.714638e-06	
9.070309e+06	0	1.066334e-05	122	1.400000e-08	8.714638e-06	116	8.714638e-06	
9.082591e+06	1	1.466978e-05	9	1.136932e-06	3.773851e-05	4019363830	6.953603e-06	
9.134070e+06	3	1.199126e-05	2945849429	1.401414e-08	8.714638e-06	976558236	8.714638e-06	630280293	1.400000e-08	
9.162966e+06	3	1.020249e-05	3537925318	1.908425e-08	7.859598e-06	174500547	7.836975e-06	4212779140	1.400000e-08	
9.184400e+06	4	6.527253e-06	4187488967	1.825630e-08	8.714638e-06	2858952728	8.714638e-06	3459374364	1.400000e-08	
9.226167e+06	0	3.047603e-05	1	4.426131e-07	2.755591e-05	3697249003	1.097976e-05	
9.241700e+06	3	1.650160e-05	38	2.700552e-08	9.309774e-06	2879167783	9.125335e-06	2125331604	1.706858e-08	
9.295275e+06	0	2.066975e-05	1452489764	4.200000e-08	1.256868e-05	27	1.097976e-05	
9.305063e+06	3	1.708585e-05	845665321	1.400000e-08	8.714638e-06	60	1.097976e-05	3113062634	1.422261e-08	847040419	1.422261e-08	4240624600	1.422261e-08	
