3.484439e+02	1	1.646563e-05	51	5.600000e-08	1.383363e-05	46	1.097976e-05	
1.514570e+03	1	1.329642e-05	4	3.080000e-07	2.441876e-05	48	1.097976e-05	
2.893970e+03	1	1.108662e-05	20	5.600000e-08	1.383363e-05	19	1.097976e-05	
4.085863e+03	1	2.345590e-05	9	3.080000e-07	2.441876e-05	98	1.097976e-05	
6.181155e+03	1	1.109969e-05	13	3.080000e-07	2.441876e-05	110	1.097976e-05	
6.554522e+03	1	3.018536e-05	9	3.360000e-07	2.513737e-05	85	1.097976e-05	
1.268440e+04	1	1.531284e-05	13	3.360000e-07	2.513737e-05	112	1.097976e-05	
1.453109e+04	1	2.073283e-05	2	3.080000e-07	2.441876e-05	32	1.097976e-05	
1.458376e+04	0	2.117446e-05	49	2.800000e-08	1.097976e-05	47	1.097976e-05	
1.774770e+04	1	1.812054e-05	125	5.600000e-08	1.383363e-05	115	1.097976e-05	
2.067788e+04	1	2.294095e-05	1	3.080000e-07	2.441876e-05	25	1.097976e-05	
2.656843e+04	0	1.627062e-05	73	2.800000e-08	1.097976e-05	62	1.097976e-05	
2.703317e+04	1	2.430554e-05	1	3.360000e-07	2.513737e-05	21	1.097976e-05	
3.073868e+04	1	2.683413e-05	4	3.360000e-07	2.513737e-05	80	1.097976e-05	
3.123747e+04	1	1.235724e-05	90	5.600000e-08	1.383363e-05	84	1.097976e-05	
4.521936e+04	1	3.003534e-05	3	3.080000e-07	2.441876e-05	52	1.097976e-05	
4.561193e+04	1	7.062345e-06	17	5.600000e-08	1.383363e-05	16	1.097976e-05	
5.102005e+04	1	1.150414e-05	27	5.600000e-08	1.383363e-05	23	1.097976e-05	
6.003093e+04	0	1.689778e-05	50	2.800000e-08	1.097976e-05	39	1.097976e-05	
6.018909e+04	0	2.468915e-05	90	5.600000e-08	1.383363e-05	47	1.097976e-05	
7.258113e+04	0	2.539766e-05	1	3.360000e-07	2.513737e-05	35	1.097976e-05	
8.900492e+04	0	3.084110e-05	1	3.360000e-07	2.513737e-05	22	1.097976e-05	
1.025290e+05	0	2.007757e-05	74	2.800000e-08	1.097976e-05	58	1.097976e-05	
1.074707e+05	0	3.013097e-05	10	2.800000e-07	2.365517e-05	81	1.097976e-05	
1.230087e+05	1	1.603001e-05	97	5.600000e-08	1.383363e-05	78	1.097976e-05	
1.617867e+05	0	1.593723e-05	35	2.800000e-08	1.097976e-05	26	1.097976e-05	
1.734103e+05	2	2.411119e-06	73	3.701866e-08	1.205074e-05	61	1.097976e-05	3687573659	1.898134e-08	
1.743038e+05	1	3.085731e-05	13	3.640000e-07	2.581708e-05	106	1.097976e-05	
1.808294e+05	0	1.945542e-05	81	2.800000e-08	1.097976e-05	68	1.097976e-05	
2.051437e+05	0	1.547762e-05	81	2.800000e-08	1.097976e-05	41	1.097976e-05	
2.107907e+05	1	2.418994e-05	14	3.080000e-07	2.441876e-05	138	1.097976e-05	
2.741964e+05	2	1.285345e-05	17	6.520204e-08	1.455326e-05	15	1.097976e-05	3196256300	1.879796e-08	
3.003345e+05	0	1.670673e-05	27	5.600000e-08	1.383363e-05	22	1.097976e-05	
3.329248e+05	0	1.340827e-05	114	2.800000e-08	1.097976e-05	103	1.097976e-05	
3.351118e+05	1	1.912692e-05	6	3.080000e-07	2.441876e-05	87	1.097976e-05	
4.332211e+05	3	1.073627e-05	27	5.387792e-08	1.365663e-05	35	1.097976e-05	848448836	1.506104e-08	2211003714	1.506104e-08	
4.339684e+05	1	2.203058e-05	1	3.640000e-07	2.581708e-05	22	1.097976e-05	
4.343647e+05	0	2.053101e-05	68	2.800000e-08	1.097976e-05	49	1.097976e-05	
4.392030e+05	1	4.359983e-05	4	6.440000e-07	3.122496e-05	3	2.441876e-05	
4.451967e+05	1	9.946186e-02	0	1.000000e+00	1.000000e-01	153	1.097976e-05	
4.724289e+05	0	1.334180e-05	31	2.800000e-08	1.097976e-05	18	1.097976e-05	
5.101477e+05	3	1.319971e-05	20	4.584689e-08	1.294126e-05	3196256300	9.614135e-06	2916276788	1.447553e-08	3696193412	1.447553e-08	
5.115243e+05	0	3.989777e-05	4	6.440000e-07	3.122496e-05	67	1.097976e-05	
5.315511e+05	0	2.977110e-05	13	3.640000e-07	2.581708e-05	102	1.097976e-05	
5.623382e+05	2	8.147928e-06	31	3.100359e-08	1.135910e-05	28	1.097976e-05	15308464	2.499641e-08	
5.665709e+05	0	2.393219e-05	11	2.800000e-07	2.365517e-05	77	1.097976e-05	
5.722369e+05	1	1.816089e-05	2	3.360000e-07	2.513737e-05	24	1.097976e-05	
6.064590e+05	3	1.354705e-05	17	6.131923e-08	1.425845e-05	31	1.135910e-05	1239307652	1.744320e-08	1945448119	1.744320e-08	
6.116331e+05	1	2.089092e-05	17	7.876243e-08	1.549933e-05	1945448119	9.377392e-06	
6.131829e+05	0	3.198350e-05	9	3.360000e-07	2.513737e-05	133	1.097976e-05	
6.266039e+05	0	2.546987e-05	6	3.080000e-07	2.441876e-05	150	1.097976e-05	
6.329350e+05	1	1.044723e-05	17	9.620563e-08	1.656813e-05	1239307652	9.377392e-06	
6.335263e+05	0	3.042183e-05	5	2.800000e-07	2.365517e-05	57	1.097976e-05	
6.505189e+05	1	2.273736e-05	4	6.720000e-07	3.167110e-05	86	1.097976e-05	
6.687388e+05	1	2.510633e-05	13	3.920000e-07	2.646277e-05	105	1.097976e-05	
6.822321e+05	0	1.875019e-05	55	2.800000e-08	1.097976e-05	39	1.097976e-05	
6.834270e+05	0	3.256138e-05	8	2.800000e-07	2.365517e-05	92	1.097976e-05	
7.195938e+05	1	1.279279e-05	14	3.360000e-07	2.513737e-05	128	1.097976e-05	
7.266422e+05	0	3.054728e-05	1	3.640000e-07	2.581708e-05	20	1.294126e-05	
7.425791e+05	0	3.912782e-05	4	6.720000e-07	3.167110e-05	59	1.097976e-05	
7.601695e+05	1	3.127556e-05	5	3.080000e-07	2.441876e-05	74	1.097976e-05	
8.520122e+05	0	1.693597e-05	71	2.800000e-08	1.097976e-05	44	1.097976e-05	
8.529103e+05	1	2.107962e-05	5	3.360000e-07	2.513737e-05	40	1.097976e-05	
8.877227e+05	0	2.662296e-05	17	9.620563e-08	1.656813e-05	30	1.097976e-05	
8.927874e+05	1	3.361771e-05	5	6.440000e-07	3.122496e-05	6	2.441876e-05	
9.029144e+05	0	2.574442e-05	7	2.800000e-07	2.365517e-05	114	1.097976e-05	
9.484316e+05	2	1.161157e-05	4	8.570135e-07	3.434545e-05	8	2.365517e-05	3396227953	1.583108e-08	3321237907	1.583108e-08	3187199216	1.583108e-08	3330100144	1.583108e-08	310481256	1.583108e-08	817087088	1.583108e-08	
9.729642e+05	0	2.838147e-05	13	3.920000e-07	2.646277e-05	64	1.097976e-05	
9.800065e+05	2	1.709983e-05	17	1.205945e-07	1.786416e-05	27	1.365663e-05	551137729	1.400000e-08	1218250404	1.548901e-08	
9.982601e+05	0	2.102790e-05	71	2.800000e-08	1.097976e-05	50	1.097976e-05	
1.008018e+06	0	2.657733e-05	1	3.640000e-07	2.581708e-05	551137729	8.714638e-06	
1.015715e+06	1	2.267378e-05	2	3.640000e-07	2.581708e-05	29	1.097976e-05	
1.159044e+06	4	4.919922e-06	51	1.400000e-08	8.714638e-06	36	1.097976e-05	1035956119	1.750000e-08	1211996162	1.750000e-08	188552836	1.750000e-08	2029773149	1.750000e-08	
1.162304e+06	1	1.620494e-05	5	6.720000e-07	3.167110e-05	38	1.097976e-05	
1.165038e+06	1	2.745690e-05	5	6.895000e-07	3.194367e-05	2029773149	9.387559e-06	
1.216463e+06	0	1.860292e-05	97	5.600000e-08	1.383363e-05	64	1.097976e-05	
1.229088e+06	0	1.758144e-05	26	2.800000e-08	1.097976e-05	2211003714	8.929456e-06	
1.232521e+06	1	1.817192e-05	5	7.035000e-07	3.215842e-05	51	8.714638e-06	
1.265006e+06	0	3.727655e-05	4	8.570135e-07	3.434545e-05	79	1.097976e-05	
1.315618e+06	1	9.312169e-06	5	7.315000e-07	3.257953e-05	56	1.097976e-05	
1.355949e+06	0	1.644287e-05	18	2.800000e-08	1.097976e-05	1218250404	9.013246e-06	
1.374720e+06	1	1.687477e-05	7	3.080000e-07	2.441876e-05	68	1.097976e-05	
1.413519e+06	1	2.548430e-05	5	7.875000e-07	3.339055e-05	97	1.383363e-05	
1.475888e+06	1	1.479007e-05	11	3.080000e-07	2.441876e-05	91	1.097976e-05	
1.560464e+06	1	6.594540e-06	125	8.400000e-08	1.583555e-05	63	1.097976e-05	
1.571801e+06	1	9.936178e-02	0	1.000000e+00	1.000000e-01	150	1.097976e-05	
1.599685e+06	1	3.310603e-05	5	8.155000e-07	3.378169e-05	55	1.097976e-05	
1.600408e+06	0	2.622680e-05	17	1.205945e-07	1.786416e-05	2916276788	8.812211e-06	
1.686931e+06	1	8.785851e-07	5	8.435000e-07	3.416397e-05	92	1.097976e-05	
1.720370e+06	0	3.420847e-05	1	3.640000e-07	2.581708e-05	30	1.097976e-05	
1.748473e+06	3	1.133255e-05	44	1.400000e-08	8.714638e-06	3687573659	9.645298e-06	302486611	1.649067e-08	1842102965	1.649067e-08	
1.782030e+06	3	5.301441e-06	102	1.400000e-08	8.714638e-06	83	1.097976e-05	1285693762	1.400000e-08	1078741991	1.400000e-08	2723643411	1.400000e-08	
1.824239e+06	0	3.817443e-05	5	8.435000e-07	3.416397e-05	44	8.714638e-06	
1.895543e+06	0	2.166875e-05	113	2.800000e-08	1.097976e-05	96	1.097976e-05	
1.915663e+06	3	1.558523e-05	1	3.364007e-07	2.514735e-05	33	1.097976e-05	1804212609	1.853310e-08	438292632	1.853310e-08	2001290253	1.853310e-08	
1.923826e+06	0	3.201637e-05	1	3.364007e-07	2.514735e-05	1804212609	9.568769e-06	
1.924892e+06	1	2.105069e-05	2	3.920000e-07	2.646277e-05	30	1.097976e-05	
1.928004e+06	1	1.378235e-05	1	3.549338e-07	2.560093e-05	1804212609	9.568769e-06	
1.968575e+06	1	2.006269e-05	2	4.200000e-07	2.707841e-05	65	1.097976e-05	
2.110203e+06	0	1.519586e-05	41	2.800000e-08	1.097976e-05	302486611	9.203495e-06	
2.215065e+06	0	3.164425e-05	1	3.549338e-07	2.560093e-05	3696193412	8.812211e-06	
2.304736e+06	1	9.877188e-02	0	1.000000e+00	1.000000e-01	149	1.097976e-05	
2.361355e+06	0	3.350545e-05	1	3.549338e-07	2.560093e-05	438292632	9.568769e-06	
2.430555e+06	0	3.314671e-05	2	4.200000e-07	2.707841e-05	2211003714	8.929456e-06	
2.548003e+06	2	1.491953e-05	11	5.440510e-07	2.951797e-05	7	2.441876e-05	3147695692	1.438980e-08	3179285865	1.438980e-08	2173231515	1.438980e-08	740082705	1.438980e-08	2795063678	1.438980e-08	
2.553141e+06	0	1.705674e-05	89	2.800000e-08	1.097976e-05	1218250404	9.013246e-06	
2.717262e+06	1	9.975507e-06	5	8.715000e-07	3.453789e-05	76	1.097976e-05	
2.727401e+06	4	8.880692e-06	18	1.400000e-08	8.714638e-06	2916276788	8.812211e-06	3642829293	1.423777e-08	2707128518	1.423777e-08	
2.782213e+06	1	2.882318e-05	4	8.714033e-07	3.453661e-05	740082705	8.794779e-06	
2.821601e+06	0	1.663739e-05	37	2.800000e-08	1.097976e-05	2211003714	8.929456e-06	
2.860513e+06	4	6.375212e-06	57	1.400000e-08	8.714638e-06	50	1.097976e-05	474866315	1.400000e-08	1639799867	1.400000e-08	1026028388	1.400000e-08	
2.960546e+06	1	1.923439e-05	1	3.689338e-07	2.593320e-05	18	8.714638e-06	
3.011455e+06	0	2.879277e-05	13	3.920000e-07	2.646277e-05	75	1.097976e-05	
3.119527e+06	1	2.878302e-05	5	8.995000e-07	3.490388e-05	69	1.097976e-05	
3.134331e+06	4	4.004452e-06	45	1.400000e-08	8.714638e-06	57	8.714638e-06	1128056158	1.400000e-08	2909632847	1.400000e-08	
3.336124e+06	0	4.102378e-05	1	3.689338e-07	2.593320e-05	17	1.786416e-05	
3.372305e+06	3	9.937790e-06	3696193412	1.447553e-08	8.714638e-06	551137729	8.714638e-06	937177227	1.400000e-08	
3.382267e+06	0	3.009306e-05	1	3.689338e-07	2.593320e-05	937177227	8.714638e-06	
3.480766e+06	1	2.852841e-05	11	5.605417e-07	2.981325e-05	1842102965	9.203495e-06	
3.545770e+06	0	4.260569e-05	1	3.689338e-07	2.593320e-05	17	1.786416e-05	
3.655398e+06	1	5.344692e-05	4	1.431945e-06	4.075511e-05	11	2.981325e-05	
3.667581e+06	0	1.724436e-05	134	2.800000e-08	1.097976e-05	116	1.097976e-05	
3.705698e+06	1	1.540017e-05	2	4.385331e-07	2.747098e-05	438292632	9.568769e-06	
3.736640e+06	1	1.860298e-05	2	4.665331e-07	2.804363e-05	58	1.097976e-05	
3.848278e+06	4	7.109423e-06	77	1.400000e-08	8.714638e-06	37	1.097976e-05	3393811039	1.400000e-08	611212867	1.400000e-08	1104410542	1.400000e-08	
3.921814e+06	0	3.444188e-05	1	3.689338e-07	2.593320e-05	17	1.786416e-05	
3.933233e+06	2	4.319142e-06	15308464	2.538621e-08	8.714638e-06	2795063678	8.794779e-06	2328232000	1.400000e-08	
3.954554e+06	2	1.950065e-05	1	4.372723e-07	2.744463e-05	17	1.786416e-05	2999719241	1.741867e-08	1931993247	1.741867e-08	1494850122	1.741867e-08	
3.977201e+06	1	2.760401e-05	5	9.275000e-07	3.526235e-05	64	1.097976e-05	
3.980407e+06	3	5.985027e-06	53	1.400000e-08	8.714638e-06	15308464	8.714638e-06	3414514926	1.969310e-08	2312786130	1.969310e-08	
4.090128e+06	0	3.400761e-05	1	4.372723e-07	2.744463e-05	2999719241	9.372994e-06	
4.097600e+06	0	1.696311e-05	1931993247	1.741867e-08	9.372994e-06	3696193412	8.714638e-06	
4.126991e+06	1	2.933429e-05	1	4.546910e-07	2.780431e-05	2999719241	9.372994e-06	
4.130837e+06	0	4.654590e-05	4	1.431945e-06	4.075511e-05	53	8.714638e-06	
4.194760e+06	3	1.171186e-05	20	2.325261e-08	1.032042e-05	1211996162	9.387559e-06	3537925318	2.004714e-08	1634407402	2.004714e-08	
4.279500e+06	0	2.824573e-05	1	4.546910e-07	2.780431e-05	1494850122	9.372994e-06	
4.333755e+06	0	2.831868e-05	1	4.546910e-07	2.780431e-05	2001290253	9.568769e-06	
4.334753e+06	0	1.992022e-05	113	2.800000e-08	1.097976e-05	72	1.097976e-05	
4.339399e+06	0	2.847778e-05	1	4.546910e-07	2.780431e-05	3696193412	8.714638e-06	
4.494502e+06	0	1.285068e-05	1026028388	1.400000e-08	8.714638e-06	77	8.714638e-06	
4.543212e+06	0	3.443491e-05	12	2.800000e-07	2.365517e-05	134	1.097976e-05	
4.563732e+06	4	6.947801e-06	145	1.400000e-08	8.714638e-06	67	1.097976e-05	3869596591	1.400000e-08	3375523036	1.400000e-08	772925454	1.400000e-08	
4.651847e+06	0	1.647780e-05	1634407402	2.004714e-08	9.822547e-06	848448836	8.929456e-06	
4.692230e+06	1	3.650575e-05	4	1.445945e-06	4.088750e-05	772925454	8.714638e-06	
4.773630e+06	1	2.556816e-05	1	4.686910e-07	2.808680e-05	937177227	8.714638e-06	
4.873923e+06	3	8.450568e-06	53	1.400000e-08	8.714638e-06	44	8.714638e-06	2215785330	1.400000e-08	
4.895722e+06	3	1.380994e-05	43	1.400000e-08	8.714638e-06	2173231515	8.794779e-06	3491092596	1.419490e-08	57770090	1.419490e-08	
4.919151e+06	3	1.154318e-05	99	1.400000e-08	8.714638e-06	2211003714	8.929456e-06	3071577057	1.453052e-08	1452489764	1.453052e-08	
4.967488e+06	1	1.929715e-05	5	9.433311e-07	3.546185e-05	3187199216	9.079115e-06	
5.034911e+06	1	2.216107e-05	5	9.573311e-07	3.563642e-05	1128056158	8.714638e-06	
5.094189e+06	0	4.578761e-05	4	1.445945e-06	4.088750e-05	57770090	8.754892e-06	
5.205709e+06	0	3.768381e-05	1	4.686910e-07	2.808680e-05	26	1.097976e-05	
5.256470e+06	1	4.728300e-05	4	1.461776e-06	4.103618e-05	3330100144	9.079115e-06	
5.297204e+06	0	3.988346e-05	5	9.573311e-07	3.563642e-05	3393811039	8.714638e-06	
5.364445e+06	3	1.408019e-05	1931993247	1.765644e-08	8.714638e-06	2707128518	8.763696e-06	4260098875	1.400000e-08	
5.510697e+06	3	1.081112e-05	60	1.400000e-08	8.714638e-06	3393811039	8.714638e-06	3696843781	1.400000e-08	2138100036	1.400000e-08	
5.642226e+06	1	1.707844e-05	5	9.853311e-07	3.598052e-05	79	1.097976e-05	
5.689288e+06	0	1.907038e-05	34	2.800000e-08	1.097976e-05	145	8.714638e-06	
5.810857e+06	0	5.197379e-05	4	1.461776e-06	4.103618e-05	120	1.097976e-05	
5.813227e+06	1	2.314726e-05	5	9.993311e-07	3.615012e-05	60	8.714638e-06	
5.920292e+06	1	2.786597e-05	1	4.863474e-07	2.843515e-05	1931993247	8.714638e-06	
5.937491e+06	1	3.107934e-05	4	1.475776e-06	4.116677e-05	99	8.714638e-06	
5.984450e+06	0	9.111877e-06	4260098875	1.400000e-08	8.714638e-06	2909632847	8.714638e-06	
6.150457e+06	4	9.459152e-06	3537925318	2.458024e-08	8.714638e-06	2001290253	9.568769e-06	1726701215	1.400000e-08	
6.247148e+06	1	2.681474e-05	4	1.491265e-06	4.131029e-05	1218250404	9.013246e-06	
6.347170e+06	0	4.388167e-05	5	9.993311e-07	3.615012e-05	89	1.097976e-05	
6.383646e+06	1	2.825385e-05	1	5.003474e-07	2.870542e-05	2909632847	8.714638e-06	
6.436813e+06	0	3.201290e-05	1	5.003474e-07	2.870542e-05	1494850122	9.372994e-06	
6.575533e+06	0	1.688417e-05	817087088	1.583108e-08	9.079115e-06	474866315	8.714638e-06	
6.715393e+06	0	1.339346e-05	1104410542	1.400000e-08	8.714638e-06	1639799867	8.714638e-06	
6.756850e+06	3	1.233365e-05	848448836	1.506104e-08	8.714638e-06	2138100036	8.714638e-06	1412415798	1.400000e-08	
6.786449e+06	1	2.601511e-05	5	1.019024e-06	3.638604e-05	2312786130	9.764381e-06	
6.878021e+06	1	2.746733e-05	2	4.865802e-07	2.843969e-05	1634407402	9.822547e-06	
6.994875e+06	1	2.340717e-05	14	3.500000e-07	2.548176e-05	1104410542	8.714638e-06	
7.090010e+06	1	1.997654e-05	1	5.143474e-07	2.897069e-05	1726701215	8.714638e-06	
7.097816e+06	0	4.274160e-05	4	1.491265e-06	4.131029e-05	88	1.097976e-05	
7.157833e+06	1	2.494281e-05	4	1.519265e-06	4.156724e-05	62	1.097976e-05	
7.223887e+06	1	2.557276e-05	2	5.005802e-07	2.870987e-05	1412415798	8.714638e-06	
7.277372e+06	0	1.455153e-05	142	2.800000e-08	1.097976e-05	93	1.097976e-05	
7.317293e+06	1	2.846648e-05	5	1.034855e-06	3.657350e-05	817087088	9.079115e-06	
7.480331e+06	0	1.958531e-05	26	2.800000e-08	1.097976e-05	45	8.714638e-06	
7.519408e+06	1	1.825577e-05	2	5.145802e-07	2.897506e-05	45	8.714638e-06	
7.729076e+06	1	3.066687e-05	4	1.547265e-06	4.182105e-05	120	1.097976e-05	
7.837631e+06	1	2.292053e-05	1	5.389277e-07	2.942502e-05	3537925318	8.714638e-06	
7.899828e+06	1	3.869442e-05	4	1.563096e-06	4.196320e-05	310481256	9.079115e-06	
7.940693e+06	0	1.824802e-05	34	2.800000e-08	1.097976e-05	1452489764	8.823355e-06	
8.051684e+06	1	2.496343e-05	2	5.285802e-07	2.923549e-05	474866315	8.714638e-06	
8.266367e+06	0	2.136273e-05	125	8.400000e-08	1.583555e-05	188552836	9.387559e-06	
8.361923e+06	0	3.699338e-05	1	5.389277e-07	2.942502e-05	848448836	8.714638e-06	
8.363486e+06	0	3.683841e-05	2	5.285802e-07	2.923549e-05	26	1.097976e-05	
8.522972e+06	0	3.865694e-05	9	3.360000e-07	2.513737e-05	12	2.365517e-05	
8.538909e+06	3	1.484956e-05	70	1.400000e-08	8.714638e-06	848448836	8.714638e-06	375852842	1.453052e-08	3593732192	1.453052e-08	
8.614138e+06	0	1.489517e-05	3696193412	1.447553e-08	8.714638e-06	1026028388	8.714638e-06	
8.640832e+06	0	3.448964e-05	1	5.389277e-07	2.942502e-05	3696193412	8.714638e-06	
8.641694e+06	0	3.160885e-05	12	2.800000e-07	2.365517e-05	125	1.583555e-05	
8.685327e+06	2	9.592251e-06	154	2.840426e-08	1.103235e-05	93	1.097976e-05	3888264012	2.759574e-08	
8.951704e+06	1	2.787285e-06	1	5.529277e-07	2.967765e-05	1026028388	8.714638e-06	
9.114323e+06	1	8.180206e-06	134	4.200000e-08	1.256868e-05	4260098875	8.714638e-06	
9.207235e+06	0	1.951502e-05	94	2.800000e-08	1.097976e-05	41	1.097976e-05	
9.256442e+06	4	1.051926e-05	103	1.400000e-08	8.714638e-06	94	1.097976e-05	313359544	1.400000e-08	217284033	1.400000e-08	2151269300	1.400000e-08	
9.337174e+06	1	3.643984e-05	5	1.049386e-06	3.674388e-05	375852842	8.823355e-06	
9.752401e+06	0	3.339500e-05	1	5.529277e-07	2.967765e-05	20	1.032042e-05	
9.760814e+06	0	2.051170e-05	142	2.800000e-08	1.097976e-05	108	1.097976e-05	
1.023872e+07	0	1.941619e-05	146	2.800000e-08	1.097976e-05	41	1.097976e-05	
1.026967e+07	0	4.587225e-05	5	1.049386e-06	3.674388e-05	41	1.097976e-05	
1.036198e+07	0	1.499838e-05	302486611	1.649067e-08	9.203495e-06	57770090	8.754892e-06	
1.045014e+07	1	9.944360e-02	0	1.000000e+00	1.000000e-01	147	1.097976e-05	
1.045868e+07	0	1.605840e-05	3642829293	1.423777e-08	8.763696e-06	70	8.714638e-06	
1.064716e+07	1	1.590131e-05	12	3.080000e-07	2.441876e-05	41	1.097976e-05	
1.066395e+07	0	9.700961e-06	3375523036	1.400000e-08	8.714638e-06	611212867	8.714638e-06	
1.072007e+07	3	1.233729e-05	139	1.400000e-08	8.714638e-06	3696843781	8.714638e-06	3913511150	1.400000e-08	2962530363	1.400000e-08	
1.076269e+07	3	1.394355e-05	9	3.324279e-07	2.504797e-05	72	1.097976e-05	2063946235	1.578603e-08	1172086036	1.578603e-08	
1.085221e+07	1	3.642776e-05	4	1.577096e-06	4.208811e-05	43	8.714638e-06	
1.095098e+07	1	9.942960e-02	0	1.000000e+00	1.000000e-01	141	1.097976e-05	
1.113439e+07	0	3.468703e-05	14	3.500000e-07	2.548176e-05	39	1.097976e-05	
1.116650e+07	1	9.988675e-02	0	1.000000e+00	1.000000e-01	3321237907	9.079115e-06	
1.126126e+07	0	3.738222e-05	5	1.049386e-06	3.674388e-05	96	1.097976e-05	
1.144075e+07	0	1.652066e-05	66	2.800000e-08	1.097976e-05	1452489764	8.823355e-06	
1.161676e+07	0	2.957555e-05	2	5.285802e-07	2.923549e-05	2215785330	8.714638e-06	
1.170363e+07	0	3.620330e-05	2	5.285802e-07	2.923549e-05	3375523036	8.714638e-06	
1.171051e+07	1	9.991165e-02	0	1.000000e+00	1.000000e-01	124	1.097976e-05	
1.185481e+07	1	2.452591e-05	1	5.761803e-07	3.008796e-05	20	1.032042e-05	
1.190333e+07	1	2.854626e-05	2	5.425802e-07	2.949135e-05	3375523036	8.714638e-06	
1.197678e+07	2	2.612464e-05	13	6.957033e-07	3.203918e-05	14	2.548176e-05	690117576	1.543222e-08	3288380490	1.543222e-08	845665321	1.543222e-08	
1.204609e+07	0	2.624240e-05	10	2.800000e-07	2.365517e-05	2962530363	8.714638e-06	
1.219686e+07	2	1.742951e-05	2	5.521792e-07	2.966425e-05	34	1.097976e-05	3122982648	1.840106e-08	
1.226014e+07	1	2.689143e-05	2	5.705802e-07	2.999017e-05	3122982648	9.545990e-06	
1.239957e+07	0	1.890951e-05	130	2.800000e-08	1.097976e-05	82	1.097976e-05	
1.242943e+07	3	9.561992e-06	9	3.306205e-07	2.500249e-05	113	1.097976e-05	1471982444	1.490371e-08	3303338876	1.490371e-08	
1.265069e+07	1	9.961911e-02	0	1.000000e+00	1.000000e-01	142	1.097976e-05	
1.286638e+07	1	2.665768e-05	2	5.845802e-07	3.023347e-05	2215785330	8.714638e-06	
1.297934e+07	2	1.753416e-05	10	2.853095e-07	2.380375e-05	144	1.097976e-05	2875471576	2.269050e-08	
1.314265e+07	4	1.063844e-05	100	1.400000e-08	8.714638e-06	103	8.714638e-06	1738909006	1.400000e-08	356405251	1.400000e-08	
1.328519e+07	0	3.331513e-05	9	3.306205e-07	2.500249e-05	77	8.714638e-06	
1.331569e+07	1	1.160435e-05	4	1.591096e-06	4.221228e-05	77	8.714638e-06	
1.356662e+07	1	3.628247e-05	4	1.605096e-06	4.233573e-05	2328232000	8.714638e-06	
1.418344e+07	1	4.120825e-05	4	1.619096e-06	4.245846e-05	1738909006	8.714638e-06	
1.457780e+07	3	1.624675e-05	26	2.729651e-08	1.088702e-05	302486611	9.203495e-06	2879167783	1.719416e-08	
1.464927e+07	1	2.098044e-05	1	5.906558e-07	3.033785e-05	3696193412	8.714638e-06	
1.476678e+07	0	4.519199e-05	4	1.619096e-06	4.245846e-05	137	1.097976e-05	
1.502514e+07	1	2.618879e-05	5	1.086404e-06	3.717097e-05	73	1.205074e-05	
1.544086e+07	4	8.277068e-06	96	1.400000e-08	8.714638e-06	356405251	8.714638e-06	3083352544	1.400000e-08	4198169764	1.400000e-08	
1.552532e+07	1	9.821047e-02	0	1.000000e+00	1.000000e-01	217284033	8.714638e-06	
1.581520e+07	0	4.410284e-05	5	1.086404e-06	3.717097e-05	1494850122	9.372994e-06	
1.607875e+07	0	3.631810e-05	2	5.845802e-07	3.023347e-05	1494850122	9.372994e-06	
1.619098e+07	0	3.037896e-05	12	3.080000e-07	2.441876e-05	121	1.097976e-05	
1.620090e+07	0	3.258579e-05	2	5.845802e-07	3.023347e-05	1452489764	8.823355e-06	
1.654090e+07	0	4.502403e-05	4	1.619096e-06	4.245846e-05	3147695692	8.794779e-06	
1.725484e+07	0	1.742256e-05	1452489764	1.453052e-08	8.823355e-06	70	8.714638e-06	
1.740431e+07	0	4.638664e-05	4	1.619096e-06	4.245846e-05	3888264012	1.092666e-05	
1.772528e+07	1	8.185915e-06	5	1.114000e-06	3.748306e-05	3888264012	1.092666e-05	
1.778346e+07	1	9.763067e-02	0	1.000000e+00	1.000000e-01	135	1.097976e-05	
1.779555e+07	0	1.954730e-05	26	2.729651e-08	1.088702e-05	70	8.714638e-06	
1.820228e+07	3	1.336387e-05	82	1.400000e-08	8.714638e-06	75	1.097976e-05	821115011	1.400000e-08	2118016430	1.400000e-08	1945735688	1.400000e-08	
1.821965e+07	0	3.368261e-05	9	3.306205e-07	2.500249e-05	12	2.441876e-05	
1.837285e+07	0	4.443765e-05	5	1.114000e-06	3.748306e-05	2879167783	9.332550e-06	
1.855768e+07	1	7.575127e-06	4	1.633291e-06	4.258218e-05	3491092596	8.754892e-06	
1.890174e+07	1	2.484855e-05	1	6.051863e-07	3.058462e-05	1452489764	8.823355e-06	
1.902075e+07	0	3.173304e-05	10	2.853095e-07	2.380375e-05	82	8.714638e-06	
1.919120e+07	0	2.501780e-05	12	3.080000e-07	2.441876e-05	845665321	9.002217e-06	
1.937910e+07	3	1.813905e-05	101	2.196159e-08	1.012577e-05	47	1.097976e-05	4093093422	1.701921e-08	2842015324	1.701921e-08	
1.968589e+07	0	4.264786e-05	4	1.633291e-06	4.258218e-05	114	1.097976e-05	
1.995060e+07	1	9.992747e-02	0	1.000000e+00	1.000000e-01	3593732192	8.823355e-06	
2.010866e+07	0	1.776018e-05	125	8.400000e-08	1.583555e-05	81	1.097976e-05	
2.015339e+07	0	1.511043e-05	109	2.800000e-08	1.097976e-05	57770090	8.754892e-06	
2.038624e+07	4	7.255049e-06	117	1.400000e-08	8.714638e-06	96	8.714638e-06	1249238030	1.400000e-08	3214077756	1.400000e-08	
2.058479e+07	1	9.999670e-02	0	1.000000e+00	1.000000e-01	54	1.097976e-05	
2.089180e+07	1	3.290600e-05	9	3.446205e-07	2.535053e-05	3214077756	8.714638e-06	
2.110852e+07	1	9.978084e-02	0	1.000000e+00	1.000000e-01	151	1.097976e-05	
2.139477e+07	1	1.984435e-05	1	6.206186e-07	3.084241e-05	845665321	9.002217e-06	
2.203481e+07	0	3.733563e-05	2	5.845802e-07	3.023347e-05	114	1.097976e-05	
2.212157e+07	0	3.472516e-05	2	5.845802e-07	3.023347e-05	3083352544	8.714638e-06	
2.213246e+07	0	4.562850e-05	4	1.633291e-06	4.258218e-05	2151269300	8.714638e-06	
2.241020e+07	0	3.781446e-05	13	6.957033e-07	3.203918e-05	3869596591	8.714638e-06	
2.241212e+07	1	3.827426e-05	4	1.648195e-06	4.271131e-05	3303338876	8.898255e-06	
2.252072e+07	0	1.909382e-05	119	2.800000e-08	1.097976e-05	118	1.097976e-05	
2.268482e+07	1	1.645412e-05	1	6.486186e-07	3.129943e-05	114	1.097976e-05	
2.286101e+07	1	2.044223e-05	5	1.142000e-06	3.779451e-05	71	1.097976e-05	
2.348163e+07	3	1.197288e-05	1	6.477032e-07	3.128470e-05	1494850122	9.372994e-06	879162223	1.833399e-08	
2.399365e+07	1	2.676614e-05	1	6.660372e-07	3.157714e-05	879162223	9.534377e-06	
2.408769e+07	1	9.993006e-02	0	1.000000e+00	1.000000e-01	130	1.097976e-05	
2.434599e+07	1	9.569126e-02	0	1.000000e+00	1.000000e-01	313359544	8.714638e-06	
2.461306e+07	3	1.519087e-05	81	1.400000e-08	8.714638e-06	3414514926	9.764381e-06	3884425642	1.684655e-08	1149406307	1.684655e-08	
2.485470e+07	1	3.919820e-05	4	1.662195e-06	4.283190e-05	145	8.714638e-06	
2.549633e+07	1	9.805348e-02	0	1.000000e+00	1.000000e-01	118	1.097976e-05	
2.617354e+07	1	2.448357e-05	2	5.985802e-07	3.047292e-05	81	8.714638e-06	
2.623513e+07	0	3.596629e-05	1	6.660372e-07	3.157714e-05	3179285865	8.794779e-06	
2.630933e+07	2	2.358264e-05	2	6.063695e-07	3.060454e-05	111	1.097976e-05	3528332227	2.021071e-08	
2.639926e+07	1	9.940053e-02	0	1.000000e+00	1.000000e-01	3869596591	8.714638e-06	
2.657339e+07	3	1.409060e-05	104	1.400000e-08	8.714638e-06	1945735688	8.714638e-06	4004407106	1.400000e-08	451270221	1.400000e-08	
2.661689e+07	0	3.448563e-05	2	6.063695e-07	3.060454e-05	3528332227	9.849190e-06	
2.666452e+07	1	9.992987e-02	0	1.000000e+00	1.000000e-01	611212867	8.714638e-06	
2.671550e+07	0	3.477452e-05	9	3.446205e-07	2.535053e-05	26	1.088702e-05	
2.731688e+07	0	3.066370e-05	12	3.080000e-07	2.441876e-05	2151269300	8.714638e-06	
2.741184e+07	3	6.231449e-06	26	1.400000e-08	8.714638e-06	3288380490	9.002217e-06	3149440925	1.436437e-08	2250775120	1.436437e-08	
2.753696e+07	1	3.798040e-05	4	1.676195e-06	4.295181e-05	2962530363	8.714638e-06	
2.761124e+07	1	2.626138e-05	1	6.862479e-07	3.189337e-05	3528332227	9.849190e-06	
2.761810e+07	1	3.719829e-05	4	1.704195e-06	4.318966e-05	137	1.097976e-05	
2.805627e+07	1	9.981752e-02	0	1.000000e+00	1.000000e-01	154	1.103235e-05	
2.845575e+07	4	6.338271e-06	148	1.400000e-08	8.714638e-06	108	1.097976e-05	1130108289	1.400000e-08	2177968201	1.400000e-08	2914302410	1.400000e-08	
2.873508e+07	1	1.757543e-05	12	3.220000e-07	2.478327e-05	26	8.714638e-06	
2.895315e+07	1	3.410932e-05	5	1.156238e-06	3.795093e-05	3642829293	8.763696e-06	
2.986929e+07	1	1.823786e-05	5	1.184238e-06	3.825483e-05	116	1.097976e-05	
3.001033e+07	0	5.186801e-05	4	1.704195e-06	4.318966e-05	2842015324	9.300789e-06	
3.011620e+07	0	3.061594e-05	12	3.220000e-07	2.478327e-05	2879167783	9.332550e-06	
3.039237e+07	1	9.951953e-02	0	1.000000e+00	1.000000e-01	122	1.097976e-05	
3.073179e+07	3	1.530579e-05	127	1.400000e-08	8.714638e-06	3083352544	8.714638e-06	3655816389	1.400000e-08	3485819286	1.400000e-08	
3.127353e+07	0	3.405581e-05	1	6.862479e-07	3.189337e-05	53	8.714638e-06	
3.177735e+07	1	3.030416e-05	1	7.006377e-07	3.211475e-05	3179285865	8.794779e-06	
3.217800e+07	0	2.649713e-05	125	8.400000e-08	1.583555e-05	66	1.097976e-05	
3.268003e+07	0	1.595253e-05	125	8.400000e-08	1.583555e-05	102	8.714638e-06	
3.364060e+07	1	9.914142e-02	0	1.000001e+00	1.000000e-01	42	1.097976e-05	
3.388041e+07	1	9.989961e-02	0	1.000001e+00	1.000000e-01	57770090	8.754892e-06	
3.423016e+07	0	1.740634e-05	66	2.800000e-08	1.097976e-05	2879167783	9.332550e-06	
3.472462e+07	1	2.100329e-05	5	1.201257e-06	3.843722e-05	4093093422	9.300789e-06	
3.530227e+07	1	4.012015e-05	9	6.666205e-07	3.158636e-05	12	2.478327e-05	
3.549392e+07	0	4.689676e-05	4	1.704195e-06	4.318966e-05	3655816389	8.714638e-06	
3.556249e+07	1	1.785714e-05	9	6.946205e-07	3.202255e-05	109	1.097976e-05	
3.559423e+07	1	2.763114e-05	13	7.097033e-07	3.225267e-05	100	8.714638e-06	
3.604124e+07	1	9.996048e-02	0	1.000001e+00	1.000000e-01	53	8.714638e-06	
3.615116e+07	0	1.704973e-05	2842015324	1.701921e-08	9.300789e-06	102	8.714638e-06	
3.656066e+07	0	4.679974e-05	5	1.201257e-06	3.843722e-05	104	8.714638e-06	
3.656979e+07	0	1.831657e-05	89	2.800000e-08	1.097976e-05	104	8.714638e-06	
3.732742e+07	1	2.145489e-05	5	1.229257e-06	3.873358e-05	89	1.097976e-05	
3.753131e+07	1	9.956865e-02	0	1.000001e+00	1.000000e-01	104	8.714638e-06	
3.950447e+07	0	1.675666e-05	3147695692	1.438980e-08	8.794779e-06	102	8.714638e-06	
3.952863e+07	1	1.988481e-05	13	7.237033e-07	3.246336e-05	127	8.714638e-06	
3.992429e+07	0	6.015303e-05	1	7.006377e-07	3.211475e-05	2	3.060454e-05	
4.003258e+07	0	1.668313e-05	4198169764	1.400000e-08	8.714638e-06	148	8.714638e-06	
4.083432e+07	0	5.110122e-05	4	1.704195e-06	4.318966e-05	3147695692	8.794779e-06	
4.250885e+07	1	1.420238e-05	1	7.146377e-07	3.232724e-05	3485819286	8.714638e-06	
4.325207e+07	1	4.258575e-05	4	1.718195e-06	4.330760e-05	3655816389	8.714638e-06	
4.328935e+07	2	2.724059e-05	13	7.328408e-07	3.259942e-05	66	1.097976e-05	1382686479	1.886250e-08	
4.331040e+07	4	5.715958e-06	132	1.400000e-08	8.714638e-06	3149440925	8.789594e-06	1803925302	1.418218e-08	3293059020	1.418218e-08	
4.408116e+07	1	3.284968e-05	5	1.243257e-06	3.888007e-05	4004407106	8.714638e-06	
4.491334e+07	1	6.056533e-05	4	2.961452e-06	5.192481e-05	5	3.888007e-05	
4.544645e+07	0	3.337476e-05	9	6.946205e-07	3.202255e-05	2723643411	8.714638e-06	
4.604293e+07	0	2.082572e-05	125	8.400000e-08	1.583555e-05	690117576	9.002217e-06	
4.662065e+07	3	1.480748e-05	140	1.400000e-08	8.714638e-06	129	1.097976e-05	378125977	1.400000e-08	2159618959	1.400000e-08	2441325815	1.400000e-08	
4.704017e+07	0	5.296844e-05	4	2.961452e-06	5.192481e-05	125	1.583555e-05	
4.727762e+07	1	9.991285e-02	0	1.000001e+00	1.000000e-01	107	1.097976e-05	
4.755921e+07	1	9.985123e-02	0	1.000001e+00	1.000000e-01	2063946235	9.070494e-06	
4.846122e+07	1	9.969152e-02	0	1.000001e+00	1.000000e-01	148	8.714638e-06	
4.931276e+07	1	9.859311e-02	0	1.000001e+00	1.000000e-01	821115011	8.714638e-06	
4.961072e+07	1	9.983503e-02	0	1.000001e+00	1.000000e-01	1285693762	8.714638e-06	
5.019304e+07	2	4.299856e-05	1	9.677205e-07	3.576487e-05	10	2.380375e-05	3401497744	1.400000e-08	4069401935	1.822669e-08	
5.019438e+07	1	3.874992e-05	1	9.859472e-07	3.598802e-05	4069401935	9.515741e-06	
5.021675e+07	1	1.772239e-05	1	9.999472e-07	3.615755e-05	3401497744	8.714638e-06	
5.097749e+07	1	9.721046e-02	0	1.000001e+00	1.000000e-01	133	1.097976e-05	
5.260428e+07	1	4.545913e-05	4	2.978298e-06	5.202308e-05	1149406307	9.269230e-06	
5.353188e+07	1	9.972102e-02	0	1.000001e+00	1.000000e-01	117	8.714638e-06	
5.425833e+07	1	2.612117e-05	13	7.468408e-07	3.280570e-05	3913511150	8.714638e-06	
5.686682e+07	1	9.973698e-02	0	1.000001e+00	1.000000e-01	101	1.012577e-05	
5.728343e+07	1	2.653975e-05	4	3.006298e-06	5.218560e-05	119	1.097976e-05	
5.822530e+07	1	9.943081e-02	0	1.000001e+00	1.000000e-01	132	8.714638e-06	
5.823797e+07	0	5.235142e-05	4	3.006298e-06	5.218560e-05	2250775120	8.789594e-06	
5.851406e+07	1	3.245585e-05	4	3.020298e-06	5.226648e-05	4198169764	8.714638e-06	
5.914355e+07	1	2.740191e-05	1	1.013947e-06	3.632552e-05	378125977	8.714638e-06	
5.943904e+07	1	1.740027e-05	13	7.608408e-07	3.300942e-05	2118016430	8.714638e-06	
5.950557e+07	1	3.551239e-05	4	3.034298e-06	5.234712e-05	70	8.714638e-06	
6.109557e+07	1	3.835194e-05	4	3.048663e-06	5.242959e-05	2250775120	8.789594e-06	
6.123244e+07	1	9.787938e-02	0	1.000001e+00	1.000000e-01	1035956119	9.387559e-06	
6.303668e+07	1	9.992467e-02	0	1.000001e+00	1.000000e-01	690117576	9.002217e-06	
6.390525e+07	1	9.955189e-02	0	1.000001e+00	1.000000e-01	126	1.097976e-05	
6.428034e+07	1	9.950579e-02	0	1.000001e+00	1.000000e-01	1172086036	9.070494e-06	
6.549430e+07	1	3.415163e-05	4	3.063567e-06	5.251489e-05	1471982444	8.898255e-06	
6.756040e+07	1	9.868660e-02	0	1.000001e+00	1.000000e-01	131	1.097976e-05	
6.819838e+07	1	3.267526e-05	4	3.077749e-06	5.259580e-05	3293059020	8.752277e-06	
6.921494e+07	1	9.986292e-02	0	1.000001e+00	1.000000e-01	3147695692	8.794779e-06	
6.997678e+07	0	4.194703e-05	1	1.013947e-06	3.632552e-05	1249238030	8.714638e-06	
7.012066e+07	1	3.156749e-05	4	3.100439e-06	5.272474e-05	2875471576	1.023658e-05	
7.030806e+07	1	2.370094e-05	2	6.203695e-07	3.083828e-05	1249238030	8.714638e-06	
7.093969e+07	1	9.941517e-02	0	1.000001e+00	1.000000e-01	39	1.097976e-05	
7.187050e+07	1	3.062131e-05	2	6.343695e-07	3.106854e-05	2441325815	8.714638e-06	
7.476725e+07	1	9.862591e-02	0	1.000001e+00	1.000000e-01	451270221	8.714638e-06	
7.619141e+07	0	6.061156e-05	4	3.100439e-06	5.272474e-05	1639799867	8.714638e-06	
7.636572e+07	1	9.985900e-02	0	1.000001e+00	1.000000e-01	140	8.714638e-06	
7.809137e+07	1	2.442337e-05	4	3.114439e-06	5.280398e-05	1078741991	8.714638e-06	
8.410103e+07	1	2.935417e-05	2	6.515637e-07	3.134673e-05	2879167783	9.332550e-06	
8.475452e+07	1	9.915501e-02	0	1.000001e+00	1.000000e-01	152	1.097976e-05	
8.487285e+07	0	3.411384e-05	9	6.946205e-07	3.202255e-05	2177968201	8.714638e-06	
8.590527e+07	1	9.959126e-02	0	1.000001e+00	1.000000e-01	143	1.097976e-05	
8.636759e+07	1	9.965236e-02	0	1.000001e+00	1.000000e-01	95	1.097976e-05	
8.676971e+07	1	9.996995e-02	0	1.000001e+00	1.000000e-01	139	8.714638e-06	
9.061009e+07	1	9.816683e-02	0	1.000001e+00	1.000000e-01	102	8.714638e-06	
9.225295e+07	1	9.993169e-02	0	1.000001e+00	1.000000e-01	2914302410	8.714638e-06	
9.258300e+07	1	9.971586e-02	0	1.000001e+00	1.000000e-01	2723643411	8.714638e-06	
9.469338e+07	0	4.024258e-05	13	7.608408e-07	3.300942e-05	3396227953	9.079115e-06	
9.580168e+07	1	9.997453e-02	0	1.000001e+00	1.000000e-01	1639799867	8.714638e-06	
9.770670e+07	1	2.792225e-05	1	1.030966e-06	3.652763e-05	2842015324	9.300789e-06	
1.015763e+08	1	9.971104e-02	0	1.000001e+00	1.000000e-01	188552836	9.387559e-06	
1.026134e+08	0	6.038802e-05	4	3.114439e-06	5.280398e-05	134	1.256868e-05	
1.197227e+08	1	9.961672e-02	0	1.000001e+00	1.000000e-01	123	1.097976e-05	
1.239427e+08	1	9.922936e-02	0	1.000001e+00	1.000000e-01	3396227953	9.079115e-06	
1.245064e+08	1	3.319561e-05	4	3.128439e-06	5.288298e-05	2159618959	8.714638e-06	
1.252929e+08	1	9.914035e-02	0	1.000001e+00	1.000000e-01	2177968201	8.714638e-06	
1.255823e+08	1	9.944106e-02	0	1.000001e+00	1.000000e-01	136	1.097976e-05	
1.299641e+08	1	5.116308e-05	4	3.147302e-06	5.298905e-05	1382686479	9.625126e-06	
1.347044e+08	3	3.029003e-05	2	6.382820e-07	3.113228e-05	134	1.256868e-05	134948105	1.842724e-08	1998372786	1.842724e-08	2455922112	1.842724e-08	
1.347172e+08	1	1.744539e-05	2	6.567092e-07	3.142903e-05	1998372786	9.550514e-06	
1.358381e+08	0	4.235336e-05	1	1.030966e-06	3.652763e-05	2455922112	9.550514e-06	
1.358381e+08	1	1.855608e-05	1	1.049394e-06	3.674398e-05	2455922112	9.550514e-06	
1.372434e+08	1	1.197508e-05	2	6.751365e-07	3.172029e-05	134948105	9.550514e-06	
1.473193e+08	1	9.967431e-02	0	1.000001e+00	1.000000e-01	2151269300	8.714638e-06	
1.506920e+08	1	2.670844e-05	4	3.161832e-06	5.307047e-05	3071577057	8.823355e-06	
