2.174857e+01	1	5.210368e-06	25	5.600000e-08	1.383363e-05	24	1.097976e-05	
3.755047e+03	1	1.002138e-05	90	5.600000e-08	1.383363e-05	87	1.097976e-05	
9.814686e+03	1	2.711677e-05	1	3.080000e-07	2.441876e-05	21	1.097976e-05	
1.104608e+04	1	2.668943e-05	2	3.080000e-07	2.441876e-05	35	1.097976e-05	
1.182696e+04	1	1.971386e-05	34	5.600000e-08	1.383363e-05	33	1.097976e-05	
3.570591e+04	1	1.259437e-05	4	3.080000e-07	2.441876e-05	65	1.097976e-05	
3.711854e+04	1	1.384270e-05	8	3.080000e-07	2.441876e-05	84	1.097976e-05	
4.955629e+04	1	6.937822e-06	88	5.600000e-08	1.383363e-05	75	1.097976e-05	
7.125585e+04	1	5.201278e-06	7	3.080000e-07	2.441876e-05	49	1.097976e-05	
8.302298e+04	1	2.143180e-05	9	3.080000e-07	2.441876e-05	99	1.097976e-05	
9.510505e+04	1	3.174375e-06	1	3.360000e-07	2.513737e-05	19	1.097976e-05	
9.759504e+04	1	3.057165e-05	5	3.080000e-07	2.441876e-05	76	1.097976e-05	
1.066934e+05	0	3.021186e-05	4	3.080000e-07	2.441876e-05	59	1.097976e-05	
1.245378e+05	1	8.496055e-06	2	3.360000e-07	2.513737e-05	32	1.097976e-05	
1.256683e+05	1	1.473902e-05	8	3.360000e-07	2.513737e-05	85	1.097976e-05	
1.315847e+05	0	1.737322e-05	72	2.800000e-08	1.097976e-05	46	1.097976e-05	
1.345367e+05	1	5.248181e-06	7	3.360000e-07	2.513737e-05	68	1.097976e-05	
1.811955e+05	1	1.240765e-05	12	3.080000e-07	2.441876e-05	103	1.097976e-05	
3.083080e+05	1	1.009703e-05	22	5.600000e-08	1.383363e-05	18	1.097976e-05	
3.975320e+05	0	1.250208e-05	100	2.800000e-08	1.097976e-05	46	1.097976e-05	
4.880806e+05	1	5.787643e-06	5	3.360000e-07	2.513737e-05	91	1.097976e-05	
5.367401e+05	3	1.144907e-05	25	4.931955e-08	1.326009e-05	29	1.097976e-05	3687573659	1.734023e-08	3196256300	1.734023e-08	
5.396197e+05	1	2.373902e-05	4	3.360000e-07	2.513737e-05	48	1.097976e-05	
5.505907e+05	0	2.385371e-05	25	4.931955e-08	1.326009e-05	26	1.097976e-05	
5.686704e+05	1	2.281499e-05	1	3.533402e-07	2.556256e-05	3687573659	9.358903e-06	
5.779364e+05	0	1.617001e-05	59	2.800000e-08	1.097976e-05	58	1.097976e-05	
5.976927e+05	0	2.563062e-05	1	3.533402e-07	2.556256e-05	30	1.097976e-05	
6.319310e+05	1	1.773176e-05	14	3.080000e-07	2.441876e-05	120	1.097976e-05	
6.985050e+05	1	1.535404e-05	3	3.080000e-07	2.441876e-05	47	1.097976e-05	
8.074173e+05	0	1.543859e-05	22	5.600000e-08	1.383363e-05	16	1.097976e-05	
8.253309e+05	2	2.160033e-05	10	5.140798e-07	2.896567e-05	6	2.365517e-05	848448836	1.530675e-08	2211003714	1.530675e-08	2916276788	1.530675e-08	
8.546140e+05	1	3.951001e-05	10	8.500798e-07	3.425258e-05	4	2.513737e-05	
9.041428e+05	0	1.535026e-05	63	2.800000e-08	1.097976e-05	38	1.097976e-05	
9.069792e+05	3	7.101856e-06	1	3.445620e-07	2.534909e-05	22	1.383363e-05	3696193412	1.619456e-08	15308464	1.619456e-08	1239307652	1.619456e-08	1945448119	1.619456e-08	
9.225772e+05	1	1.539972e-05	13	3.080000e-07	2.441876e-05	124	1.097976e-05	
9.343340e+05	2	4.334999e-06	25	5.139037e-08	1.344314e-05	1239307652	9.148075e-06	3396227953	1.412374e-08	
9.524781e+05	3	1.063117e-05	31	1.720631e-08	9.334748e-06	26	1.097976e-05	3321237907	1.939684e-08	3187199216	1.939684e-08	
1.017951e+06	2	3.668642e-05	10	1.112451e-06	3.746568e-05	3	2.441876e-05	3330100144	1.400000e-08	310481256	1.581432e-08	817087088	1.581432e-08	
1.031138e+06	0	2.621357e-05	7	3.360000e-07	2.513737e-05	53	1.097976e-05	
1.075026e+06	0	1.416026e-05	112	2.800000e-08	1.097976e-05	73	1.097976e-05	
1.140850e+06	0	2.063062e-05	17	2.800000e-08	1.097976e-05	15	1.097976e-05	
1.173501e+06	0	1.844363e-05	40	2.800000e-08	1.097976e-05	1945448119	9.148075e-06	
1.222280e+06	3	1.317139e-05	15	1.400000e-08	8.714638e-06	3321237907	9.715169e-06	551137729	1.669842e-08	1218250404	1.669842e-08	
1.284341e+06	0	2.700148e-05	2	3.360000e-07	2.513737e-05	36	1.097976e-05	
1.305542e+06	3	1.374339e-05	57	2.262920e-08	1.022735e-05	46	1.097976e-05	1035956119	1.668540e-08	1211996162	1.668540e-08	
1.309647e+06	1	4.699943e-05	10	1.448451e-06	4.091111e-05	5	2.513737e-05	
1.383412e+06	1	1.677813e-05	2	3.521946e-07	2.553490e-05	15308464	9.148075e-06	
1.448956e+06	0	3.211869e-05	8	3.360000e-07	2.513737e-05	129	1.097976e-05	
1.456987e+06	0	3.715642e-05	7	3.360000e-07	2.513737e-05	11	2.365517e-05	
1.512571e+06	1	1.954907e-05	10	1.476451e-06	4.117305e-05	54	1.097976e-05	
1.609222e+06	1	3.852795e-05	10	1.532451e-06	4.168715e-05	90	1.383363e-05	
1.614679e+06	0	2.781771e-05	11	2.800000e-07	2.365517e-05	51	1.097976e-05	
1.649670e+06	1	1.609587e-05	7	3.640000e-07	2.581708e-05	66	1.097976e-05	
1.747566e+06	3	4.962500e-06	69	1.875776e-08	9.607277e-06	57	1.022735e-05	188552836	1.593572e-08	2029773149	1.593572e-08	
1.798516e+06	1	2.391846e-05	1	3.607565e-07	2.574017e-05	3696193412	9.148075e-06	
1.814513e+06	3	1.138040e-05	28	1.400000e-08	8.714638e-06	16	1.097976e-05	302486611	1.400000e-08	1842102965	1.400000e-08	1285693762	1.400000e-08	
1.814513e+06	1	3.813848e-08	1285693762	2.800000e-08	1.097976e-05	302486611	8.714638e-06	
1.814513e+06	1	3.278642e-08	1285693762	4.200000e-08	1.256868e-05	1842102965	8.714638e-06	
1.816954e+06	1	8.543245e-06	1285693762	5.600000e-08	1.383363e-05	28	8.714638e-06	
1.895531e+06	0	1.613372e-05	44	2.800000e-08	1.097976e-05	3396227953	8.740237e-06	
1.960098e+06	0	1.760604e-05	1285693762	5.600000e-08	1.383363e-05	551137729	9.241983e-06	
2.094259e+06	1	3.229309e-05	10	1.560451e-06	4.193951e-05	105	1.097976e-05	
2.098162e+06	4	5.046065e-06	3187199216	2.260316e-08	8.714638e-06	31	9.334748e-06	1078741991	1.400000e-08	
2.098162e+06	4	5.046065e-06	34	1.400000e-08	8.714638e-06	3330100144	8.714638e-06	2723643411	1.866667e-08	1804212609	1.866667e-08	438292632	1.866667e-08	
2.099069e+06	1	9.971444e-02	0	1.000000e+00	1.000000e-01	69	9.607277e-06	
2.099154e+06	1	9.927873e-02	0	1.000000e+00	1.000000e-01	51	1.097976e-05	
2.099208e+06	1	9.212878e-02	0	1.000000e+00	1.000000e-01	109	1.097976e-05	
2.099591e+06	1	9.577725e-02	0	1.000000e+00	1.000000e-01	95	1.097976e-05	
2.100587e+06	1	9.606589e-02	0	1.000000e+00	1.000000e-01	127	1.097976e-05	
2.100624e+06	1	9.476375e-02	0	1.000000e+00	1.000000e-01	13	2.441876e-05	
2.101970e+06	1	9.930592e-02	0	1.000000e+00	1.000000e-01	121	1.097976e-05	
2.102651e+06	1	9.642236e-02	0	1.000000e+00	1.000000e-01	123	1.097976e-05	
2.103241e+06	1	9.958492e-02	0	1.000001e+00	1.000000e-01	80	1.097976e-05	
2.103352e+06	1	2.396408e-04	1068020906	9.543280e-04	3.559912e-04	130	1.097976e-05	
2.103835e+06	1	9.986602e-02	0	1.000001e+00	1.000000e-01	133	1.097976e-05	
2.104033e+06	1	9.691137e-02	0	1.000001e+00	1.000000e-01	104	1.097976e-05	
2.104112e+06	1	9.946355e-02	0	1.000001e+00	1.000000e-01	551137729	9.241983e-06	
2.104862e+06	1	5.456590e-02	0	1.000001e+00	1.000000e-01	817087088	9.075909e-06	
2.105977e+06	1	9.898077e-02	0	1.000001e+00	1.000000e-01	89	1.097976e-05	
2.106482e+06	1	2.598006e-04	1068020906	9.543560e-04	3.559947e-04	107	1.097976e-05	
2.109833e+06	1	9.953236e-02	0	1.000002e+00	1.000001e-01	10	4.193951e-05	
2.110655e+06	1	7.752691e-02	0	1.000002e+00	1.000001e-01	141	1.097976e-05	
2.112614e+06	1	2.226825e-04	1068020906	9.543840e-04	3.559981e-04	113	1.097976e-05	
2.116368e+06	1	9.896032e-02	0	1.000002e+00	1.000001e-01	81	1.097976e-05	
2.116551e+06	1	8.106482e-02	0	1.000002e+00	1.000001e-01	93	1.097976e-05	
2.116852e+06	1	9.113565e-02	0	1.000002e+00	1.000001e-01	79	1.097976e-05	
2.122747e+06	1	9.767400e-02	0	1.000002e+00	1.000001e-01	72	1.097976e-05	
2.125484e+06	1	9.991136e-02	0	1.000002e+00	1.000001e-01	71	1.097976e-05	
2.126636e+06	1	9.677697e-02	0	1.000002e+00	1.000001e-01	138	1.097976e-05	
2.151184e+06	1	9.906188e-02	0	1.000002e+00	1.000001e-01	62	1.097976e-05	
2.155039e+06	1	3.629324e-04	1068020906	9.544120e-04	3.560016e-04	98	1.097976e-05	
2.159261e+06	1	9.991275e-02	0	1.000002e+00	1.000001e-01	131	1.097976e-05	
2.172277e+06	1	8.198066e-02	0	1.000002e+00	1.000001e-01	122	1.097976e-05	
2.177684e+06	1	9.925040e-02	0	1.000003e+00	1.000001e-01	61	1.097976e-05	
2.181052e+06	1	9.240321e-02	0	1.000003e+00	1.000001e-01	53	1.097976e-05	
2.183809e+06	1	3.214067e-05	1068020906	9.544400e-04	3.560051e-04	100	1.097976e-05	
2.187228e+06	1	1.594238e-05	8	3.640000e-07	2.581708e-05	42	1.097976e-05	
2.190609e+06	1	9.925230e-02	0	1.000003e+00	1.000001e-01	58	1.097976e-05	
2.192195e+06	1	9.963602e-02	0	1.000003e+00	1.000001e-01	102	1.097976e-05	
2.193310e+06	1	9.909860e-02	0	1.000003e+00	1.000001e-01	88	1.383363e-05	
2.193559e+06	1	9.992334e-02	0	1.000003e+00	1.000001e-01	67	1.097976e-05	
2.204421e+06	1	7.668990e-02	0	1.000003e+00	1.000001e-01	135	1.097976e-05	
2.214477e+06	3	1.590823e-05	1	3.430192e-07	2.531121e-05	17	1.097976e-05	2001290253	1.524577e-08	3147695692	1.524577e-08	3179285865	1.524577e-08	
2.261217e+06	1	2.208467e-05	1	3.582650e-07	2.568078e-05	2001290253	8.965816e-06	
2.295336e+06	3	1.038619e-05	438292632	1.991244e-08	8.714638e-06	3179285865	8.965816e-06	2173231515	1.400000e-08	
2.311558e+06	1	9.994416e-02	0	1.000003e+00	1.000001e-01	64	1.097976e-05	
2.327612e+06	1	9.974136e-02	0	1.000003e+00	1.000001e-01	59	1.097976e-05	
2.388737e+06	1	1.478685e-05	1	3.781774e-07	2.614800e-05	438292632	8.714638e-06	
2.401832e+06	1	9.906243e-02	0	1.000003e+00	1.000001e-01	52	1.097976e-05	
2.466387e+06	4	6.738818e-06	83	1.400000e-08	8.714638e-06	44	1.097976e-05	740082705	1.400000e-08	2795063678	1.400000e-08	3642829293	1.400000e-08	
2.466387e+06	1	5.214151e-10	2795063678	2.800000e-08	1.097976e-05	740082705	8.714638e-06	
2.466387e+06	1	7.668009e-10	2795063678	4.200000e-08	1.256868e-05	3642829293	8.714638e-06	
2.475591e+06	1	9.969447e-02	0	1.000003e+00	1.000001e-01	110	1.097976e-05	
2.479787e+06	1	1.844040e-05	1	3.921774e-07	2.646677e-05	2173231515	8.714638e-06	
2.511605e+06	1	9.938186e-02	0	1.000003e+00	1.000001e-01	2029773149	9.099075e-06	
2.575213e+06	0	1.100006e-05	34	1.400000e-08	8.714638e-06	15	8.714638e-06	
2.598851e+06	1	9.950026e-02	0	1.000003e+00	1.000001e-01	83	8.714638e-06	
2.600300e+06	1	9.938787e-02	0	1.000003e+00	1.000001e-01	77	1.097976e-05	
2.611689e+06	1	2.608212e-05	1	4.201774e-07	2.708222e-05	20	1.097976e-05	
2.680456e+06	1	9.814029e-02	0	1.000003e+00	1.000001e-01	1211996162	9.239580e-06	
2.690146e+06	1	9.984936e-02	0	1.000003e+00	1.000001e-01	310481256	9.075909e-06	
2.725428e+06	1	8.798038e-02	0	1.000003e+00	1.000001e-01	111	1.097976e-05	
2.740663e+06	4	6.420904e-06	70	1.400000e-08	8.714638e-06	38	1.097976e-05	2707128518	1.400000e-08	474866315	1.400000e-08	1639799867	1.400000e-08	
2.754483e+06	0	2.902136e-05	1	4.201774e-07	2.708222e-05	848448836	8.977753e-06	
2.775637e+06	1	9.952747e-02	0	1.000003e+00	1.000001e-01	1285693762	1.383363e-05	
2.781468e+06	1	9.799523e-02	0	1.000003e+00	1.000001e-01	2795063678	1.256868e-05	
2.783685e+06	1	1.089099e-05	1	4.368759e-07	2.743633e-05	1218250404	9.241983e-06	
2.828209e+06	0	1.910426e-05	41	2.800000e-08	1.097976e-05	474866315	8.714638e-06	
2.844166e+06	1	9.938266e-02	0	1.000003e+00	1.000001e-01	60	1.097976e-05	
2.869117e+06	0	1.913318e-05	45	2.800000e-08	1.097976e-05	41	1.097976e-05	
2.878596e+06	1	8.214555e-02	0	1.000003e+00	1.000001e-01	56	1.097976e-05	
2.884535e+06	4	9.931372e-06	37	1.400000e-08	8.714638e-06	3187199216	8.714638e-06	1026028388	1.830158e-08	1128056158	1.830158e-08	
3.016186e+06	0	3.553888e-05	7	3.640000e-07	2.581708e-05	11	2.365517e-05	
3.028689e+06	1	9.899401e-02	0	1.000003e+00	1.000001e-01	82	1.097976e-05	
3.098215e+06	1	2.269991e-05	2	3.801946e-07	2.619441e-05	39	1.097976e-05	
3.132001e+06	1	9.877910e-02	0	1.000003e+00	1.000001e-01	9	2.441876e-05	
3.242478e+06	1	9.874440e-02	0	1.000004e+00	1.000001e-01	11	2.365517e-05	
3.335845e+06	3	1.171202e-05	1804212609	2.333333e-08	8.714638e-06	2723643411	9.591700e-06	2909632847	1.400000e-08	
3.374897e+06	3	9.850620e-06	2916276788	1.661349e-08	8.714638e-06	2211003714	8.977753e-06	937177227	1.400000e-08	
3.412462e+06	2	1.340545e-05	1	4.478598e-07	2.766437e-05	25	1.344314e-05	3393811039	2.020320e-08	611212867	2.020320e-08	
3.584025e+06	0	1.605516e-05	1804212609	2.333333e-08	8.714638e-06	611212867	9.847970e-06	
3.663523e+06	1	9.980514e-02	0	1.000004e+00	1.000001e-01	50	1.097976e-05	
3.830614e+06	1	9.747142e-02	0	1.000004e+00	1.000001e-01	73	1.097976e-05	
4.044837e+06	3	9.640388e-06	1035956119	1.668540e-08	8.714638e-06	15	8.714638e-06	1104410542	1.400000e-08	
4.051282e+06	1	3.855260e-06	1035956119	3.068540e-08	1.067696e-05	1104410542	8.714638e-06	
4.122966e+06	1	9.974507e-02	0	1.000004e+00	1.000001e-01	188552836	9.099075e-06	
4.139604e+06	0	1.662212e-05	23	2.800000e-08	1.097976e-05	1128056158	9.528756e-06	
4.143751e+06	1	9.990321e-02	0	1.000004e+00	1.000001e-01	30	1.097976e-05	
4.485033e+06	1	9.920230e-02	0	1.000004e+00	1.000001e-01	101	1.097976e-05	
4.552458e+06	1	3.545737e-06	1	4.631056e-07	2.797478e-05	3147695692	8.965816e-06	
4.635415e+06	3	1.183638e-05	36	1.400000e-08	8.714638e-06	611212867	9.847970e-06	2328232000	1.710160e-08	2999719241	1.710160e-08	
4.635415e+06	1	7.669565e-06	2999719241	3.420320e-08	1.173714e-05	2328232000	9.315773e-06	
4.681023e+06	4	4.810101e-06	63	1.400000e-08	8.714638e-06	2909632847	8.714638e-06	1931993247	1.400000e-08	1494850122	1.400000e-08	
4.682593e+06	1	1.308611e-05	1494850122	2.800000e-08	1.097976e-05	63	8.714638e-06	
4.884020e+06	1	9.895292e-02	0	1.000004e+00	1.000001e-01	40	1.097976e-05	
4.910780e+06	3	1.120778e-05	848448836	1.530675e-08	8.714638e-06	1639799867	8.714638e-06	3414514926	1.400000e-08	
4.948839e+06	1	1.133622e-05	2	3.941946e-07	2.651206e-05	37	8.714638e-06	
4.956744e+06	3	1.392494e-05	2999719241	1.400000e-08	8.714638e-06	1804212609	8.714638e-06	2312786130	1.451218e-08	3537925318	1.451218e-08	1634407402	1.451218e-08	
4.966831e+06	3	1.233841e-05	3537925318	1.451218e-08	8.714638e-06	34	8.714638e-06	3869596591	1.400000e-08	
5.082004e+06	3	1.100183e-05	41	1.400000e-08	8.714638e-06	1931993247	8.714638e-06	3375523036	1.400000e-08	772925454	1.400000e-08	
5.115436e+06	1	2.554715e-05	1	4.776178e-07	2.826399e-05	1634407402	8.819640e-06	
5.314995e+06	1	9.910970e-02	0	1.000004e+00	1.000001e-01	55	1.097976e-05	
5.388061e+06	1	9.880924e-02	0	1.000004e+00	1.000001e-01	2707128518	8.714638e-06	
5.393522e+06	1	9.857201e-02	0	1.000004e+00	1.000001e-01	43	1.097976e-05	
5.393544e+06	1	2.326976e-05	1	4.929245e-07	2.856276e-05	848448836	8.714638e-06	
5.511761e+06	0	3.188843e-05	2	3.941946e-07	2.651206e-05	23	1.097976e-05	
5.714677e+06	1	1.970686e-05	2	4.221946e-07	2.712549e-05	23	1.097976e-05	
6.108842e+06	3	1.111660e-05	3393811039	2.020320e-08	8.714638e-06	1078741991	8.714638e-06	2215785330	1.400000e-08	
6.206814e+06	0	3.140202e-05	1	4.929245e-07	2.856276e-05	3393811039	8.714638e-06	
6.343185e+06	1	6.272338e-06	1	5.131277e-07	2.894777e-05	3393811039	8.714638e-06	
6.453374e+06	1	9.988704e-02	0	1.000004e+00	1.000001e-01	92	1.097976e-05	
6.517740e+06	1	9.930608e-02	0	1.000004e+00	1.000001e-01	70	8.714638e-06	
7.295714e+06	1	1.892758e-05	1	5.271277e-07	2.920868e-05	36	8.714638e-06	
7.411906e+06	4	8.606689e-06	2916276788	1.712567e-08	8.231362e-06	3537925318	8.714638e-06	3491092596	1.400000e-08	
7.411906e+06	3	8.584729e-06	2916276788	1.712567e-08	7.696593e-06	3869596591	8.714638e-06	57770090	1.400000e-08	
7.740013e+06	4	2.386462e-06	3396227953	1.412374e-08	8.714638e-06	3491092596	8.231362e-06	3071577057	1.400000e-08	
7.740013e+06	4	2.380418e-06	3396227953	1.412374e-08	8.689113e-06	57770090	7.696593e-06	1452489764	1.400000e-08	
7.802529e+06	1	9.989826e-02	0	1.000004e+00	1.000001e-01	3071577057	8.714638e-06	
8.328423e+06	1	9.967793e-02	0	1.000004e+00	1.000001e-01	1128056158	9.528756e-06	
8.371890e+06	1	2.899451e-05	1	5.412515e-07	2.946726e-05	3396227953	8.689113e-06	
8.557469e+06	1	9.760495e-02	0	1.000004e+00	1.000001e-01	3375523036	8.714638e-06	
8.692672e+06	4	4.629843e-06	27	1.400000e-08	8.714638e-06	1452489764	8.689113e-06	4260098875	1.400000e-08	3696843781	1.400000e-08	
8.802191e+06	1	9.951524e-02	0	1.000004e+00	1.000001e-01	41	8.714638e-06	
9.600873e+06	1	1.211527e-05	1	5.692515e-07	2.996687e-05	45	1.097976e-05	
9.731618e+06	1	9.926945e-02	0	1.000004e+00	1.000001e-01	2916276788	7.696593e-06	
9.753038e+06	1	9.964613e-02	0	1.000004e+00	1.000001e-01	3696843781	8.714638e-06	
1.025683e+07	3	1.186800e-05	1035956119	1.400000e-08	8.219520e-06	2312786130	8.819640e-06	2138100036	1.559879e-08	1726701215	1.559879e-08	
1.025683e+07	1	5.628216e-06	1726701215	3.119758e-08	1.073604e-05	2138100036	8.521200e-06	
1.033177e+07	4	6.068509e-06	1726701215	1.400000e-08	8.219520e-06	1035956119	8.219520e-06	1412415798	1.559879e-08	375852842	1.559879e-08	
1.033177e+07	1	6.683022e-07	375852842	3.119758e-08	1.073604e-05	1412415798	8.521200e-06	
1.033918e+07	1	3.720839e-06	375852842	4.519758e-08	1.214811e-05	1726701215	8.219520e-06	
1.086652e+07	2	2.705751e-05	1	8.865431e-07	3.473548e-05	2	2.712549e-05	3593732192	1.498613e-08	3888264012	1.498613e-08	313359544	1.498613e-08	217284033	1.498613e-08	2151269300	1.498613e-08	3913511150	1.498613e-08	2962530363	1.498613e-08	
1.086654e+07	1	3.874102e-05	1	9.015293e-07	3.493011e-05	313359544	8.914626e-06	
1.087104e+07	1	2.978149e-05	1	9.165154e-07	3.512259e-05	3888264012	8.914626e-06	
1.091439e+07	1	1.559902e-05	1	9.315015e-07	3.531299e-05	3913511150	8.914626e-06	
1.092734e+07	1	2.239240e-05	1	9.464876e-07	3.550136e-05	2151269300	8.914626e-06	
1.107331e+07	1	3.617892e-05	1	9.614738e-07	3.568775e-05	3593732192	8.914626e-06	
1.129426e+07	1	2.723489e-05	1	9.754738e-07	3.586013e-05	474866315	8.714638e-06	
1.139323e+07	1	9.807585e-02	0	1.000004e+00	1.000001e-01	772925454	8.714638e-06	
1.152478e+07	1	2.668882e-05	1	9.904599e-07	3.604284e-05	2962530363	8.914626e-06	
1.156613e+07	3	1.556945e-05	375852842	1.400000e-08	8.219520e-06	27	8.714638e-06	2063946235	1.506586e-08	1172086036	1.506586e-08	690117576	1.506586e-08	
1.157135e+07	1	2.422066e-06	2063946235	2.906586e-08	1.048572e-05	375852842	8.219520e-06	
1.181710e+07	1	1.876962e-05	1	1.008761e-06	3.626348e-05	1026028388	9.528756e-06	
1.183355e+07	4	9.153214e-06	2063946235	1.400000e-08	8.219520e-06	1172086036	8.423032e-06	3288380490	1.506586e-08	845665321	1.506586e-08	
1.200900e+07	2	7.232115e-06	7	3.708359e-07	2.597769e-05	1494850122	1.097976e-05	3122982648	2.116406e-08	
1.200900e+07	1	6.800855e-06	7	3.848359e-07	2.630057e-05	3414514926	8.714638e-06	
1.226655e+07	1	9.972974e-02	0	1.000004e+00	1.000001e-01	937177227	8.714638e-06	
1.234936e+07	1	1.692276e-05	1	1.022761e-06	3.643047e-05	4260098875	8.714638e-06	
1.235115e+07	0	1.161016e-05	845665321	1.506586e-08	8.423032e-06	690117576	8.423032e-06	
1.354675e+07	1	1.818725e-05	7	3.998221e-07	2.663763e-05	217284033	8.914626e-06	
1.579867e+07	3	1.014587e-05	3122982648	2.222992e-08	8.714638e-06	690117576	8.423032e-06	1471982444	1.400000e-08	
1.615089e+07	4	6.224914e-06	3288380490	1.506586e-08	8.219520e-06	2063946235	8.219520e-06	3303338876	1.400000e-08	
1.634919e+07	1	9.981035e-02	0	1.000004e+00	1.000001e-01	2999719241	8.714638e-06	
1.755679e+07	0	1.581467e-05	3122982648	2.222992e-08	8.714638e-06	845665321	8.423032e-06	
1.835913e+07	1	9.714744e-06	1	1.036761e-06	3.659594e-05	2215785330	8.714638e-06	
1.857556e+07	0	1.611165e-05	845665321	1.506586e-08	8.423032e-06	3303338876	8.219520e-06	
1.951244e+07	4	5.778132e-06	845665321	1.613172e-08	8.219520e-06	3288380490	8.219520e-06	2875471576	1.400000e-08	
1.951244e+07	4	5.768942e-06	3122982648	2.436164e-08	7.469864e-06	845665321	8.219520e-06	1738909006	1.400000e-08	
1.955948e+07	1	1.372890e-05	1	1.050761e-06	3.675993e-05	1471982444	8.714638e-06	
2.206978e+07	1	1.570426e-05	1	1.064761e-06	3.692247e-05	1738909006	7.469864e-06	
2.321629e+07	1	9.995968e-02	0	1.000004e+00	1.000001e-01	3303338876	8.219520e-06	
2.376956e+07	1	9.964935e-02	0	1.000004e+00	1.000001e-01	3122982648	7.469864e-06	
2.539982e+07	1	3.653999e-05	1	1.078761e-06	3.708359e-05	2875471576	8.219520e-06	
1.293648e+08	1	6.952875e-02	0	1.000004e+00	1.000001e-01	3196256300	9.358903e-06	
