1.244986e+02	1	2.921906e-05	7	3.080000e-07	2.441876e-05	82	1.097976e-05	
6.753817e+02	1	2.884238e-06	76	5.600000e-08	1.383363e-05	74	1.097976e-05	
2.853747e+03	1	1.578337e-05	66	5.600000e-08	1.383363e-05	65	1.097976e-05	
4.188190e+03	1	9.933366e-06	4	3.080000e-07	2.441876e-05	60	1.097976e-05	
5.988802e+03	1	1.694109e-05	30	5.600000e-08	1.383363e-05	28	1.097976e-05	
7.272363e+03	1	1.195343e-05	90	5.600000e-08	1.383363e-05	81	1.097976e-05	
8.138029e+03	1	5.431320e-06	4	3.360000e-07	2.513737e-05	42	1.097976e-05	
1.183521e+04	1	2.385475e-05	6	3.080000e-07	2.441876e-05	77	1.097976e-05	
1.760647e+04	1	2.151961e-05	14	3.080000e-07	2.441876e-05	129	1.097976e-05	
2.039082e+04	1	1.155313e-05	20	5.600000e-08	1.383363e-05	19	1.097976e-05	
2.162159e+04	1	2.863268e-05	4	3.640000e-07	2.581708e-05	44	1.097976e-05	
2.176491e+04	1	7.758836e-06	57	5.600000e-08	1.383363e-05	50	1.097976e-05	
2.558432e+04	0	3.287241e-05	3	2.800000e-07	2.365517e-05	45	1.097976e-05	
3.819551e+04	1	2.411987e-05	14	3.360000e-07	2.513737e-05	135	1.097976e-05	
4.986796e+04	1	2.429179e-05	1	3.080000e-07	2.441876e-05	24	1.097976e-05	
5.150626e+04	1	2.133103e-05	29	5.600000e-08	1.383363e-05	22	1.097976e-05	
5.711567e+04	1	2.768813e-05	14	3.640000e-07	2.581708e-05	127	1.097976e-05	
6.892937e+04	0	2.023276e-05	30	5.600000e-08	1.383363e-05	31	1.097976e-05	
6.977402e+04	1	2.634300e-05	4	3.920000e-07	2.646277e-05	63	1.097976e-05	
7.756043e+04	1	1.287821e-05	29	8.400000e-08	1.583555e-05	21	1.097976e-05	
8.441796e+04	1	1.072564e-05	118	5.600000e-08	1.383363e-05	117	1.097976e-05	
9.233278e+04	1	2.814502e-05	4	4.200000e-07	2.707841e-05	75	1.097976e-05	
9.555080e+04	1	1.037094e-05	17	5.600000e-08	1.383363e-05	16	1.097976e-05	
9.846091e+04	0	2.328503e-05	66	5.600000e-08	1.383363e-05	56	1.097976e-05	
1.005128e+05	0	2.763996e-05	1	3.080000e-07	2.441876e-05	25	1.097976e-05	
1.028946e+05	0	1.570981e-05	105	2.800000e-08	1.097976e-05	80	1.097976e-05	
1.062217e+05	1	2.315089e-05	1	3.360000e-07	2.513737e-05	23	1.097976e-05	
1.130944e+05	2	7.087676e-06	20	9.128600e-08	1.628076e-05	17	1.383363e-05	3687573659	2.071400e-08	
1.137579e+05	1	2.215199e-05	9	3.080000e-07	2.441876e-05	73	1.097976e-05	
1.195727e+05	1	3.192476e-05	2	3.080000e-07	2.441876e-05	34	1.097976e-05	
1.234944e+05	2	1.978967e-05	7	5.452785e-07	2.954016e-05	5	2.365517e-05	3196256300	1.424049e-08	848448836	1.424049e-08	2211003714	1.424049e-08	
1.247142e+05	1	2.304907e-05	1	3.640000e-07	2.581708e-05	26	1.097976e-05	
1.476691e+05	0	2.216096e-05	29	8.400000e-08	1.583555e-05	18	1.097976e-05	
1.477419e+05	0	2.882992e-05	2	3.080000e-07	2.441876e-05	33	1.097976e-05	
1.601175e+05	0	3.026334e-05	3	2.800000e-07	2.365517e-05	54	1.097976e-05	
1.634694e+05	1	2.031134e-06	11	3.080000e-07	2.441876e-05	92	1.097976e-05	
1.935469e+05	1	5.718354e-06	35	5.600000e-08	1.383363e-05	32	1.097976e-05	
2.643663e+05	1	1.342101e-05	35	8.400000e-08	1.583555e-05	36	1.097976e-05	
2.703588e+05	0	2.421627e-05	35	8.400000e-08	1.583555e-05	31	1.097976e-05	
3.118736e+05	1	3.084671e-05	9	5.880000e-07	3.029231e-05	12	2.365517e-05	
3.714954e+05	1	2.130704e-05	13	3.080000e-07	2.441876e-05	122	1.097976e-05	
3.740605e+05	1	5.212266e-05	7	8.252785e-07	3.391617e-05	3	2.365517e-05	
4.011908e+05	0	3.342426e-05	1	3.640000e-07	2.581708e-05	25	1.097976e-05	
4.620287e+05	1	2.110899e-05	11	3.360000e-07	2.513737e-05	101	1.097976e-05	
4.802908e+05	1	3.520282e-05	7	8.532785e-07	3.429548e-05	46	1.097976e-05	
5.074036e+05	0	3.264225e-05	2	3.080000e-07	2.441876e-05	30	1.383363e-05	
5.170568e+05	1	1.018485e-05	1	3.920000e-07	2.646277e-05	25	1.097976e-05	
5.772082e+05	0	1.636073e-05	139	2.800000e-08	1.097976e-05	113	1.097976e-05	
5.814861e+05	1	1.755513e-05	7	8.812785e-07	3.466659e-05	95	1.097976e-05	
5.987230e+05	1	2.149920e-05	146	5.600000e-08	1.383363e-05	140	1.097976e-05	
6.210783e+05	0	3.324465e-05	2	3.080000e-07	2.441876e-05	41	1.097976e-05	
6.353418e+05	3	1.442953e-05	128	1.400000e-08	8.714638e-06	53	1.097976e-05	2916276788	1.400000e-08	3696193412	1.400000e-08	15308464	1.400000e-08	
6.525484e+05	0	1.845867e-05	76	5.600000e-08	1.383363e-05	3696193412	8.714638e-06	
7.382634e+05	1	4.217013e-05	13	6.160000e-07	3.076571e-05	6	2.441876e-05	
7.551082e+05	0	1.108870e-05	59	2.800000e-08	1.097976e-05	37	1.097976e-05	
7.711030e+05	0	3.076804e-05	4	4.200000e-07	2.707841e-05	103	1.097976e-05	
7.867446e+05	1	2.075371e-05	7	9.092785e-07	3.502991e-05	62	1.097976e-05	
8.178619e+05	1	2.334210e-05	29	1.047140e-07	1.704282e-05	3687573659	9.930276e-06	
8.225861e+05	0	3.124037e-05	2	3.080000e-07	2.441876e-05	33	1.097976e-05	
8.631383e+05	0	2.957837e-05	10	2.800000e-07	2.365517e-05	69	1.097976e-05	
9.420302e+05	0	3.750914e-05	7	9.092785e-07	3.502991e-05	71	1.097976e-05	
9.497728e+05	1	3.624375e-05	9	8.680000e-07	3.449159e-05	8	2.365517e-05	
9.682960e+05	1	1.874351e-05	9	8.960000e-07	3.485855e-05	52	1.097976e-05	
9.788498e+05	1	1.788343e-05	11	3.640000e-07	2.581708e-05	80	1.097976e-05	
9.845471e+05	0	3.926417e-05	13	6.160000e-07	3.076571e-05	106	1.097976e-05	
9.991991e+05	0	1.650610e-05	54	2.800000e-08	1.097976e-05	38	1.097976e-05	
1.029845e+06	1	2.973503e-05	7	9.372785e-07	3.538584e-05	64	1.097976e-05	
1.032557e+06	3	1.145567e-05	55	1.400000e-08	8.714638e-06	41	1.097976e-05	1239307652	1.400000e-08	1945448119	1.400000e-08	3396227953	1.400000e-08	
1.039238e+06	0	1.883992e-05	104	2.800000e-08	1.097976e-05	84	1.097976e-05	
1.144773e+06	0	1.661812e-05	153	2.800000e-08	1.097976e-05	142	1.097976e-05	
1.214190e+06	1	9.863082e-02	0	1.000000e+00	1.000000e-01	149	1.097976e-05	
1.353242e+06	1	3.579320e-05	7	9.652785e-07	3.573476e-05	54	1.097976e-05	
1.365727e+06	0	2.336995e-05	29	1.047140e-07	1.704282e-05	18	1.097976e-05	
1.382842e+06	2	1.864438e-05	2	3.866314e-07	2.634141e-05	29	1.704282e-05	3321237907	2.608260e-08	
1.424918e+06	0	2.109256e-05	69	2.800000e-08	1.097976e-05	45	1.097976e-05	
1.458594e+06	1	3.808529e-06	7	9.932785e-07	3.607699e-05	70	1.097976e-05	
1.483130e+06	3	2.745876e-06	83	1.400000e-08	8.714638e-06	47	1.097976e-05	3187199216	1.400000e-08	3330100144	1.400000e-08	310481256	1.400000e-08	
1.539134e+06	0	3.912742e-05	7	9.932785e-07	3.607699e-05	37	1.097976e-05	
1.564935e+06	1	1.532706e-05	2	4.146314e-07	2.696254e-05	18	1.097976e-05	
1.616952e+06	0	3.329813e-05	1	3.920000e-07	2.646277e-05	35	1.583555e-05	
1.698072e+06	0	3.549586e-05	4	4.200000e-07	2.707841e-05	109	1.097976e-05	
1.699148e+06	0	4.231696e-05	2	4.146314e-07	2.696254e-05	35	1.583555e-05	
1.834998e+06	4	1.050044e-05	67	1.400000e-08	8.714638e-06	51	1.097976e-05	817087088	1.400000e-08	551137729	1.400000e-08	1218250404	1.400000e-08	
1.881078e+06	0	3.169212e-05	2	4.146314e-07	2.696254e-05	1945448119	8.714638e-06	
1.881902e+06	0	3.077553e-05	1	3.920000e-07	2.646277e-05	35	1.583555e-05	
1.920391e+06	1	9.101454e-06	7	1.007279e-06	3.624570e-05	15308464	8.714638e-06	
1.973406e+06	2	2.018367e-05	7	1.271977e-06	3.917717e-05	11	2.581708e-05	1035956119	1.418597e-08	1211996162	1.418597e-08	188552836	1.418597e-08	2029773149	1.418597e-08	302486611	1.418597e-08	1842102965	1.418597e-08	1285693762	1.418597e-08	
2.018806e+06	1	1.039184e-05	7	1.299977e-06	3.946255e-05	89	1.097976e-05	
2.239961e+06	0	4.674177e-05	7	1.299977e-06	3.946255e-05	3696193412	8.714638e-06	
2.253235e+06	0	4.258235e-05	7	1.299977e-06	3.946255e-05	55	8.714638e-06	
2.308118e+06	1	3.066285e-05	7	1.327977e-06	3.974387e-05	49	1.097976e-05	
2.316945e+06	3	1.290421e-05	66	1.400000e-08	8.714638e-06	55	8.714638e-06	1078741991	1.866667e-08	2723643411	1.866667e-08	1804212609	1.866667e-08	
2.325183e+06	2	9.138813e-06	1	4.310394e-07	2.731360e-05	30	1.383363e-05	438292632	1.696056e-08	
2.327402e+06	3	1.567986e-05	10	2.745084e-07	2.349950e-05	84	1.097976e-05	2001290253	1.674582e-08	3147695692	1.674582e-08	
2.330248e+06	1	2.795268e-05	7	1.355977e-06	4.002126e-05	71	1.097976e-05	
2.360787e+06	0	1.750497e-05	120	2.800000e-08	1.097976e-05	100	1.097976e-05	
2.541644e+06	2	1.005573e-05	35	9.244858e-08	1.634959e-05	15	1.097976e-05	3179285865	1.955142e-08	
2.588831e+06	0	2.011293e-05	20	9.128600e-08	1.628076e-05	3179285865	9.740909e-06	
2.624407e+06	1	3.792946e-05	9	1.316000e-06	3.962403e-05	4	2.707841e-05	
2.626439e+06	0	4.484857e-05	7	1.355977e-06	4.002126e-05	1078741991	9.591700e-06	
2.676944e+06	1	1.718559e-06	14	3.920000e-07	2.646277e-05	136	1.097976e-05	
2.925967e+06	1	2.044094e-05	1	4.450394e-07	2.760617e-05	3187199216	8.714638e-06	
2.935146e+06	4	4.035719e-06	59	1.400000e-08	8.714638e-06	1842102965	8.753056e-06	2173231515	1.409299e-08	740082705	1.409299e-08	
3.039750e+06	1	1.309683e-05	2	4.286314e-07	2.726265e-05	1239307652	8.714638e-06	
3.125855e+06	4	6.026825e-06	740082705	1.409299e-08	8.714638e-06	3696193412	8.714638e-06	2795063678	1.400000e-08	
3.138643e+06	4	9.447040e-06	69	1.400000e-08	8.714638e-06	2173231515	8.733889e-06	3642829293	1.404649e-08	2707128518	1.404649e-08	
3.142295e+06	0	4.955171e-05	7	1.355977e-06	4.002126e-05	1804212609	9.591700e-06	
3.192359e+06	1	5.378609e-05	13	1.008000e-06	3.625435e-05	14	2.646277e-05	
3.238863e+06	0	1.489192e-05	848448836	1.424049e-08	8.764254e-06	1945448119	8.714638e-06	
3.238990e+06	1	9.838983e-02	0	1.000000e+00	1.000000e-01	154	1.097976e-05	
3.256856e+06	1	2.653273e-05	2	4.566314e-07	2.784381e-05	79	1.097976e-05	
3.292457e+06	0	1.591007e-05	188552836	1.418597e-08	8.753056e-06	3642829293	8.724274e-06	
3.308183e+06	0	2.847414e-05	2	4.566314e-07	2.784381e-05	3321237907	1.072318e-05	
3.495283e+06	0	4.318959e-05	7	1.355977e-06	4.002126e-05	103	1.097976e-05	
3.528353e+06	1	1.384940e-05	7	1.411977e-06	4.056479e-05	76	1.383363e-05	
3.536712e+06	1	3.043926e-05	7	1.467977e-06	4.109412e-05	118	1.383363e-05	
3.631852e+06	0	4.330300e-05	9	1.316000e-06	3.962403e-05	107	1.097976e-05	
3.736939e+06	1	3.592367e-05	7	1.495977e-06	4.135375e-05	68	1.097976e-05	
3.779459e+06	1	7.248875e-06	10	2.885549e-07	2.389367e-05	2707128518	8.724274e-06	
3.910582e+06	0	1.364611e-05	848448836	1.424049e-08	8.764254e-06	302486611	8.753056e-06	
3.942769e+06	1	2.792967e-05	7	1.509977e-06	4.148236e-05	69	8.714638e-06	
3.943262e+06	1	9.886319e-02	0	1.000000e+00	1.000000e-01	144	1.097976e-05	
3.958047e+06	0	1.470645e-05	302486611	1.418597e-08	8.753056e-06	310481256	8.714638e-06	
3.972682e+06	0	1.900644e-05	27	2.800000e-08	1.097976e-05	2211003714	8.764254e-06	
4.143171e+06	1	1.653722e-05	13	1.036000e-06	3.658698e-05	115	1.097976e-05	
4.239912e+06	0	3.217820e-05	35	9.244858e-08	1.634959e-05	20	1.628076e-05	
4.261782e+06	3	1.508686e-05	43	1.400000e-08	8.714638e-06	2211003714	8.764254e-06	474866315	1.412024e-08	1639799867	1.412024e-08	
4.374108e+06	0	1.805019e-05	40	2.800000e-08	1.097976e-05	1945448119	8.714638e-06	
4.809406e+06	0	2.123631e-05	107	2.800000e-08	1.097976e-05	40	1.097976e-05	
4.968449e+06	0	2.867147e-05	35	9.244858e-08	1.634959e-05	20	1.628076e-05	
4.975159e+06	0	2.839801e-05	2	4.566314e-07	2.784381e-05	2001290253	9.250719e-06	
4.984904e+06	3	1.892621e-05	20	8.231628e-08	1.572903e-05	3179285865	9.740909e-06	1026028388	1.426057e-08	1128056158	1.426057e-08	
4.990846e+06	1	8.027679e-06	20	9.657686e-08	1.658941e-05	1128056158	8.768372e-06	
5.004288e+06	1	2.180747e-05	20	1.108374e-07	1.736876e-05	1026028388	8.768372e-06	
5.040763e+06	0	4.183519e-05	7	1.509977e-06	4.148236e-05	33	1.097976e-05	
5.058974e+06	2	2.992813e-05	13	1.278948e-06	3.924861e-05	10	2.389367e-05	2909632847	1.520229e-08	937177227	1.520229e-08	3393811039	1.520229e-08	
5.240023e+06	0	2.104703e-05	133	2.800000e-08	1.097976e-05	123	1.097976e-05	
5.313880e+06	2	2.105604e-05	1	4.510939e-07	2.773079e-05	35	1.634959e-05	611212867	1.439903e-08	1104410542	1.439903e-08	2328232000	1.439903e-08	2999719241	1.439903e-08	1931993247	1.439903e-08	1494850122	1.439903e-08	
5.316081e+06	1	1.759631e-05	1	4.654929e-07	2.802277e-05	611212867	8.796658e-06	
5.331826e+06	0	3.397846e-05	1	4.654929e-07	2.802277e-05	1931993247	8.796658e-06	
5.367315e+06	1	9.931596e-02	0	1.000000e+00	1.000000e-01	153	1.097976e-05	
5.372404e+06	1	4.856405e-05	9	1.344000e-06	3.990308e-05	78	1.097976e-05	
5.443839e+06	1	5.926749e-06	1	4.798919e-07	2.830878e-05	2999719241	8.796658e-06	
5.465782e+06	1	7.083816e-06	1078741991	3.266667e-08	1.155868e-05	59	8.714638e-06	
5.616479e+06	0	4.298439e-05	7	1.509977e-06	4.148236e-05	126	1.097976e-05	
5.701527e+06	1	1.517769e-05	7	1.524217e-06	4.161235e-05	3196256300	8.764254e-06	
5.707133e+06	1	2.330633e-06	1	4.942909e-07	2.858913e-05	1931993247	8.796658e-06	
5.906527e+06	1	2.690027e-05	2	4.733772e-07	2.818010e-05	2001290253	9.250719e-06	
6.085522e+06	4	3.217849e-06	103	1.400000e-08	8.714638e-06	45	1.097976e-05	3414514926	1.400000e-08	2312786130	1.400000e-08	3537925318	1.400000e-08	
6.131114e+06	3	1.259084e-05	125	1.400000e-08	8.714638e-06	37	1.097976e-05	1634407402	1.400000e-08	3869596591	1.400000e-08	3375523036	1.400000e-08	
6.177491e+06	0	3.171830e-05	2	4.733772e-07	2.818010e-05	61	1.097976e-05	
6.196475e+06	1	2.078786e-05	1	5.082909e-07	2.885653e-05	103	8.714638e-06	
6.215075e+06	4	8.888158e-06	57	1.400000e-08	8.714638e-06	188552836	8.753056e-06	772925454	1.404649e-08	2215785330	1.404649e-08	3491092596	1.404649e-08	57770090	1.404649e-08	
6.293640e+06	1	2.514359e-05	2	4.873772e-07	2.845521e-05	2312786130	8.714638e-06	
6.325489e+06	0	1.792712e-05	116	2.800000e-08	1.097976e-05	2795063678	8.714638e-06	
6.361638e+06	1	2.413619e-05	2	5.134598e-07	2.895402e-05	3321237907	1.072318e-05	
6.439443e+06	1	9.191531e-06	1	5.222909e-07	2.911907e-05	3537925318	8.714638e-06	
6.506922e+06	0	1.205727e-05	2916276788	1.400000e-08	8.714638e-06	57	8.714638e-06	
6.594408e+06	1	4.121665e-05	9	1.358000e-06	4.004115e-05	83	8.714638e-06	
6.796385e+06	3	1.738513e-05	109	2.335100e-08	1.033495e-05	27	1.097976e-05	3071577057	1.632450e-08	1452489764	1.632450e-08	
6.824386e+06	1	2.688217e-05	7	1.542884e-06	4.178154e-05	2723643411	9.591700e-06	
7.609628e+06	2	1.322930e-05	109	2.353697e-08	8.714638e-06	302486611	8.753056e-06	4260098875	1.400000e-08	
7.640624e+06	3	1.215859e-05	110	2.072371e-08	9.931827e-06	56	1.097976e-05	3696843781	1.763815e-08	2138100036	1.763815e-08	
7.644913e+06	4	3.261944e-07	143	1.400000e-08	8.714638e-06	91	1.097976e-05	1726701215	1.400000e-08	1412415798	1.400000e-08	375852842	1.400000e-08	
7.844717e+06	3	1.212793e-05	1639799867	1.412024e-08	8.714638e-06	43	8.714638e-06	3593732192	1.400000e-08	
7.858177e+06	0	1.437735e-05	4260098875	1.400000e-08	8.714638e-06	2916276788	8.714638e-06	
7.901081e+06	1	2.769384e-05	13	1.292948e-06	3.939130e-05	817087088	8.714638e-06	
7.908598e+06	1	3.241956e-05	9	1.386000e-06	4.031448e-05	40	1.097976e-05	
8.005855e+06	1	9.989306e-02	0	1.000000e+00	1.000000e-01	147	1.097976e-05	
8.160176e+06	0	3.768124e-05	1	5.222909e-07	2.911907e-05	58	1.097976e-05	
8.183884e+06	1	4.020719e-05	9	1.414000e-06	4.058415e-05	104	1.097976e-05	
8.204394e+06	1	1.786519e-05	9	1.431638e-06	4.075220e-05	3696843781	9.412196e-06	
8.242994e+06	4	6.900304e-06	61	1.400000e-08	8.714638e-06	58	1.097976e-05	3888264012	1.400000e-08	313359544	1.400000e-08	217284033	1.400000e-08	
8.930319e+06	0	4.968676e-05	7	1.542884e-06	4.178154e-05	116	1.097976e-05	
9.053316e+06	0	4.369209e-05	7	1.542884e-06	4.178154e-05	116	1.097976e-05	
9.098300e+06	0	1.675764e-05	848448836	1.424049e-08	8.764254e-06	3888264012	8.714638e-06	
9.115977e+06	1	2.887533e-05	7	1.556884e-06	4.190753e-05	2916276788	8.714638e-06	
9.572287e+06	1	2.271526e-05	1	5.362909e-07	2.937696e-05	217284033	8.714638e-06	
9.664675e+06	3	9.454525e-06	132	1.400000e-08	8.714638e-06	1726701215	8.714638e-06	2151269300	1.400000e-08	3913511150	1.400000e-08	
9.778248e+06	1	5.850859e-06	7	1.584884e-06	4.215727e-05	85	1.097976e-05	
9.808762e+06	0	3.438503e-05	1	5.362909e-07	2.937696e-05	1945448119	8.714638e-06	
9.924812e+06	1	2.978767e-05	9	1.445638e-06	4.088461e-05	3330100144	8.714638e-06	
9.953784e+06	0	4.964244e-05	9	1.445638e-06	4.088461e-05	100	1.097976e-05	
9.967318e+06	0	3.472036e-05	2	5.134598e-07	2.895402e-05	61	8.714638e-06	
1.004562e+07	0	3.020702e-05	1	5.362909e-07	2.937696e-05	310481256	8.714638e-06	
1.004562e+07	1	9.543612e-02	0	1.000000e+00	1.000000e-01	310481256	8.714638e-06	
1.006570e+07	0	3.072018e-05	2	5.134598e-07	2.895402e-05	2328232000	8.796658e-06	
1.028567e+07	0	1.253803e-05	1218250404	1.400000e-08	8.714638e-06	66	8.714638e-06	
1.033397e+07	4	7.546520e-06	31	1.400000e-08	8.714638e-06	109	8.714638e-06	2962530363	1.876848e-08	2063946235	1.876848e-08	
1.046156e+07	1	3.798377e-05	7	1.612884e-06	4.240409e-05	96	1.097976e-05	
1.063031e+07	0	3.667592e-05	1	5.362909e-07	2.937696e-05	1104410542	8.796658e-06	
1.098001e+07	0	1.720275e-05	2029773149	1.418597e-08	8.753056e-06	31	8.714638e-06	
1.111025e+07	0	3.347068e-05	1	5.362909e-07	2.937696e-05	61	8.714638e-06	
1.149325e+07	4	6.415264e-06	1804212609	2.230481e-08	8.714638e-06	2138100036	9.412196e-06	1172086036	1.400000e-08	
1.159016e+07	1	1.832347e-05	7	1.626930e-06	4.252683e-05	3491092596	8.724274e-06	
1.178033e+07	1	2.272489e-05	1	5.504112e-07	2.963255e-05	1639799867	8.714638e-06	
1.185637e+07	1	3.070503e-05	7	1.640930e-06	4.264846e-05	61	8.714638e-06	
1.206917e+07	3	2.202062e-05	20	1.002077e-07	1.679476e-05	1104410542	8.796658e-06	690117576	2.502874e-08	
1.209513e+07	1	1.271003e-05	20	1.252365e-07	1.809049e-05	690117576	1.057677e-05	
1.219098e+07	4	1.122027e-05	1078741991	1.400000e-08	8.714638e-06	438292632	9.290092e-06	3288380490	1.781361e-08	845665321	1.781361e-08	
1.225306e+07	0	1.674395e-05	2328232000	1.439903e-08	8.796658e-06	31	8.714638e-06	
1.236685e+07	0	3.441409e-05	2	5.134598e-07	2.895402e-05	1945448119	8.714638e-06	
1.260914e+07	0	3.273648e-05	1	5.504112e-07	2.963255e-05	474866315	8.739516e-06	
1.276460e+07	1	2.274490e-05	1	5.644112e-07	2.988169e-05	1078741991	8.714638e-06	
1.277089e+07	0	1.589112e-05	3288380490	1.781361e-08	9.443304e-06	57	8.714638e-06	
1.281070e+07	1	3.278457e-05	9	1.473638e-06	4.114688e-05	97	1.097976e-05	
1.284819e+07	1	9.959803e-02	0	1.000000e+00	1.000000e-01	124	1.097976e-05	
1.292612e+07	1	2.467991e-05	1	5.822248e-07	3.019281e-05	3288380490	9.443304e-06	
1.298749e+07	2	1.336750e-05	2328232000	1.463952e-08	8.714638e-06	848448836	8.764254e-06	3122982648	1.400000e-08	
1.320466e+07	0	4.573993e-05	7	1.640930e-06	4.264846e-05	1945448119	8.714638e-06	
1.326552e+07	4	9.479388e-06	99	1.400000e-08	8.714638e-06	66	8.714638e-06	1471982444	1.400000e-08	3303338876	1.400000e-08	
1.333655e+07	1	5.891933e-06	1471982444	2.800000e-08	1.097976e-05	99	8.714638e-06	
1.360189e+07	1	2.053345e-05	2	5.274598e-07	2.921481e-05	3593732192	8.714638e-06	
1.400852e+07	1	4.220087e-05	7	1.668930e-06	4.288967e-05	116	1.097976e-05	
1.447710e+07	1	1.651790e-05	2	5.415801e-07	2.947322e-05	474866315	8.739516e-06	
1.449346e+07	1	4.456085e-05	9	1.501638e-06	4.140586e-05	1471982444	1.097976e-05	
1.467952e+07	1	3.321085e-05	7	1.682977e-06	4.300966e-05	57770090	8.724274e-06	
1.470790e+07	1	1.802768e-05	2	5.555801e-07	2.972502e-05	3122982648	8.714638e-06	
1.494788e+07	0	3.541522e-05	1	5.822248e-07	3.019281e-05	2063946235	9.609108e-06	
1.499996e+07	0	3.639725e-05	2	5.555801e-07	2.972502e-05	31	8.714638e-06	
1.516969e+07	0	3.878449e-05	1	5.822248e-07	3.019281e-05	845665321	9.443304e-06	
1.553785e+07	0	1.696454e-05	1494850122	1.439903e-08	8.796658e-06	57	8.714638e-06	
1.556075e+07	1	3.276622e-05	13	1.320948e-06	3.967363e-05	150	1.097976e-05	
1.569888e+07	1	9.985193e-02	0	1.000000e+00	1.000000e-01	108	1.097976e-05	
1.571584e+07	0	4.612252e-05	7	1.682977e-06	4.300966e-05	125	8.714638e-06	
1.582563e+07	1	2.896056e-05	9	1.529638e-06	4.166163e-05	126	1.097976e-05	
1.598494e+07	4	3.250876e-06	100	1.400000e-08	8.714638e-06	1494850122	8.796658e-06	2875471576	1.419951e-08	1738909006	1.419951e-08	
1.684314e+07	1	2.161311e-05	1	6.000384e-07	3.049765e-05	845665321	9.443304e-06	
1.690378e+07	1	9.930179e-02	0	1.000000e+00	1.000000e-01	128	8.714638e-06	
1.713162e+07	1	2.657374e-05	1	6.140384e-07	3.073302e-05	31	8.714638e-06	
1.766989e+07	0	3.225861e-05	2	5.555801e-07	2.972502e-05	2328232000	8.714638e-06	
1.787969e+07	1	2.189647e-05	9	1.557638e-06	4.191430e-05	111	1.097976e-05	
1.789298e+07	0	4.934783e-05	7	1.682977e-06	4.300966e-05	3888264012	8.714638e-06	
1.815216e+07	0	3.519352e-05	2	5.555801e-07	2.972502e-05	2328232000	8.714638e-06	
1.816585e+07	1	9.905262e-02	0	1.000000e+00	1.000000e-01	3888264012	8.714638e-06	
1.851017e+07	0	2.048130e-05	148	2.800000e-08	1.097976e-05	138	1.097976e-05	
1.928507e+07	1	9.951969e-02	0	1.000000e+00	1.000000e-01	87	1.097976e-05	
1.974435e+07	0	3.215826e-05	2	5.555801e-07	2.972502e-05	2215785330	8.724274e-06	
2.003160e+07	0	2.155713e-05	121	2.800000e-08	1.097976e-05	72	1.097976e-05	
2.009814e+07	0	2.161649e-05	20	1.252365e-07	1.809049e-05	2328232000	8.714638e-06	
2.014739e+07	0	1.687350e-05	772925454	1.404649e-08	8.724274e-06	1218250404	8.714638e-06	
2.080990e+07	0	4.502215e-05	7	1.682977e-06	4.300966e-05	1804212609	8.714638e-06	
2.115012e+07	4	1.418380e-05	20	1.400000e-08	8.714638e-06	740082705	8.714638e-06	356405251	1.566618e-08	2879167783	1.566618e-08	3083352544	1.566618e-08	4198169764	1.566618e-08	821115011	1.566618e-08	2118016430	1.566618e-08	1945735688	1.566618e-08	4093093422	1.566618e-08	
2.118740e+07	1	1.230161e-05	1945735688	3.133236e-08	1.139911e-05	4198169764	9.047482e-06	
2.123956e+07	0	1.387038e-05	3083352544	1.566618e-08	9.047482e-06	356405251	9.047482e-06	
2.124636e+07	0	1.774377e-05	821115011	1.566618e-08	9.047482e-06	3083352544	9.047482e-06	
2.126130e+07	1	4.437791e-06	821115011	3.133236e-08	1.139911e-05	356405251	9.047482e-06	
2.128848e+07	0	1.461163e-05	1945735688	3.133236e-08	1.139911e-05	3083352544	9.047482e-06	
2.146967e+07	3	8.244392e-06	3303338876	1.400000e-08	8.714638e-06	1218250404	8.714638e-06	2842015324	1.400000e-08	
2.156378e+07	1	2.953728e-05	7	1.697163e-06	4.313017e-05	1211996162	8.753056e-06	
2.170070e+07	1	1.888846e-05	1	6.280384e-07	3.096483e-05	20	8.714638e-06	
2.173577e+07	0	3.651765e-05	1	6.280384e-07	3.096483e-05	1738909006	8.755840e-06	
2.188552e+07	0	1.372613e-05	821115011	3.133236e-08	1.139911e-05	4093093422	9.047482e-06	
2.190145e+07	3	1.683558e-05	120	1.400000e-08	8.714638e-06	102	1.097976e-05	1249238030	1.400000e-08	3214077756	1.400000e-08	879162223	1.400000e-08	
2.192225e+07	1	2.324330e-05	7	1.711163e-06	4.324844e-05	125	8.714638e-06	
2.216340e+07	1	3.933743e-05	13	1.348948e-06	3.995199e-05	39	1.097976e-05	
2.243445e+07	1	2.377592e-05	7	1.725163e-06	4.336607e-05	313359544	8.714638e-06	
2.261740e+07	0	4.740161e-05	7	1.725163e-06	4.336607e-05	2063946235	9.609108e-06	
2.277864e+07	0	4.936573e-05	9	1.557638e-06	4.191430e-05	879162223	8.714638e-06	
2.279564e+07	1	2.143343e-05	2	5.697796e-07	2.997613e-05	1738909006	8.755840e-06	
2.357666e+07	1	3.902721e-06	13	1.376948e-06	4.022652e-05	98	1.097976e-05	
2.361151e+07	1	2.940862e-05	7	1.739349e-06	4.348461e-05	2029773149	8.753056e-06	
2.385517e+07	0	1.712422e-05	4093093422	1.566618e-08	9.047482e-06	2879167783	9.047482e-06	
2.413345e+07	1	2.376090e-05	7	1.767349e-06	4.371671e-05	134	1.097976e-05	
2.453676e+07	0	5.149901e-05	7	1.767349e-06	4.371671e-05	1285693762	8.753056e-06	
2.459085e+07	3	1.188900e-05	1945735688	1.400000e-08	8.714638e-06	3083352544	9.047482e-06	3884425642	1.649927e-08	1149406307	1.649927e-08	
2.463168e+07	1	5.594359e-06	1149406307	3.299854e-08	1.159769e-05	3884425642	9.205094e-06	
2.490675e+07	0	1.758499e-05	86	2.800000e-08	1.097976e-05	132	8.714638e-06	
2.495140e+07	3	1.279199e-05	1149406307	1.400000e-08	8.714638e-06	4093093422	9.047482e-06	3528332227	1.733236e-08	4004407106	1.733236e-08	
2.508152e+07	0	3.320999e-05	2	5.697796e-07	2.997613e-05	142	1.097976e-05	
2.508287e+07	3	8.141192e-06	3528332227	1.701948e-08	9.300838e-06	1149406307	8.714638e-06	451270221	1.431288e-08	
2.508996e+07	1	9.961517e-02	0	1.000000e+00	1.000000e-01	3642829293	8.724274e-06	
2.510786e+07	0	1.618269e-05	3528332227	1.701948e-08	9.300838e-06	451270221	8.779081e-06	
2.522900e+07	1	7.508963e-06	4004407106	3.164524e-08	1.143693e-05	451270221	8.779081e-06	
2.527473e+07	0	1.900518e-05	821115011	3.133236e-08	1.139911e-05	3528332227	9.300838e-06	
2.539348e+07	0	3.376331e-05	1	6.280384e-07	3.096483e-05	3528332227	9.300838e-06	
2.582903e+07	0	3.612170e-05	1	6.280384e-07	3.096483e-05	3528332227	9.300838e-06	
2.591181e+07	0	1.654928e-05	821115011	3.133236e-08	1.139911e-05	1945735688	8.714638e-06	
2.604538e+07	0	3.278981e-05	2	5.697796e-07	2.997613e-05	2879167783	9.047482e-06	
2.606170e+07	0	3.749851e-05	1	6.280384e-07	3.096483e-05	2879167783	9.047482e-06	
2.618177e+07	0	3.237364e-05	1	6.280384e-07	3.096483e-05	2879167783	9.047482e-06	
2.637692e+07	0	1.940344e-05	86	2.800000e-08	1.097976e-05	3303338876	8.714638e-06	
2.652639e+07	1	2.111918e-05	2	5.977796e-07	3.045933e-05	142	1.097976e-05	
2.654017e+07	1	2.374812e-05	9	1.571638e-06	4.203950e-05	143	8.714638e-06	
2.677104e+07	1	9.894220e-02	0	1.000000e+00	1.000000e-01	138	1.097976e-05	
2.689983e+07	1	1.000045e-01	0	1.000000e+00	1.000000e-01	2879167783	9.047482e-06	
2.701079e+07	4	2.664978e-06	4004407106	1.400000e-08	8.714638e-06	3528332227	9.300838e-06	3149440925	1.733236e-08	2250775120	1.733236e-08	
2.707749e+07	1	9.987065e-02	0	1.000000e+00	1.000000e-01	3393811039	8.957284e-06	
2.730088e+07	1	4.951718e-05	9	1.599638e-06	4.228769e-05	114	1.097976e-05	
2.734237e+07	3	6.857806e-06	2250775120	1.733236e-08	8.714638e-06	4004407106	8.714638e-06	1130108289	1.400000e-08	
2.754713e+07	3	1.422693e-05	821115011	1.400000e-08	8.714638e-06	3149440925	9.357487e-06	2177968201	1.733236e-08	2914302410	1.733236e-08	
2.755028e+07	0	4.725383e-05	7	1.767349e-06	4.371671e-05	551137729	8.714638e-06	
2.755211e+07	0	1.254996e-05	2914302410	1.733236e-08	9.357487e-06	2177968201	9.357487e-06	
2.757621e+07	1	1.000057e-01	0	1.000000e+00	1.000000e-01	551137729	8.714638e-06	
2.762689e+07	4	8.317188e-06	2177968201	1.733236e-08	8.714638e-06	821115011	8.714638e-06	3655816389	1.400000e-08	
2.769796e+07	0	1.465736e-05	2177968201	1.733236e-08	8.714638e-06	3655816389	8.714638e-06	
2.784293e+07	0	1.144268e-05	3655816389	1.400000e-08	8.714638e-06	1945735688	8.714638e-06	
2.793234e+07	1	9.962673e-02	0	1.000000e+00	1.000000e-01	1945448119	8.714638e-06	
2.801993e+07	4	4.499849e-06	2177968201	1.733236e-08	8.115952e-06	1945735688	8.714638e-06	3485819286	1.400000e-08	
2.806497e+07	0	1.718740e-05	2118016430	1.566618e-08	9.047482e-06	1130108289	8.714638e-06	
2.806540e+07	0	1.487964e-05	2177968201	1.733236e-08	8.115952e-06	3485819286	8.115952e-06	
2.811934e+07	3	2.518883e-05	1	6.254043e-07	3.092148e-05	3414514926	8.714638e-06	1382686479	1.663406e-08	
2.817167e+07	0	5.192390e-05	7	1.767349e-06	4.371671e-05	2063946235	9.609108e-06	
2.834145e+07	1	2.608304e-05	7	1.781535e-06	4.383336e-05	1285693762	8.753056e-06	
2.838640e+07	0	1.494943e-05	2914302410	1.733236e-08	9.357487e-06	3655816389	8.714638e-06	
2.843679e+07	0	1.752327e-05	2914302410	1.733236e-08	9.357487e-06	3655816389	8.714638e-06	
2.879892e+07	1	1.376184e-05	1	6.410705e-07	3.117755e-05	2118016430	9.047482e-06	
2.898616e+07	1	9.902384e-02	0	1.000000e+00	1.000000e-01	93	1.097976e-05	
2.915441e+07	4	5.993315e-06	3655816389	1.400000e-08	8.714638e-06	1130108289	8.714638e-06	1803925302	1.400000e-08	
2.915753e+07	1	8.108719e-06	1803925302	2.800000e-08	1.097976e-05	3655816389	8.714638e-06	
2.942011e+07	1	1.691683e-05	1	6.584029e-07	3.145603e-05	2914302410	9.357487e-06	
2.952455e+07	3	1.173219e-05	2177968201	2.066472e-08	7.558395e-06	2250775120	8.714638e-06	3293059020	1.400000e-08	
2.958281e+07	0	7.687116e-06	2177968201	2.066472e-08	7.558395e-06	3293059020	7.558395e-06	
2.958994e+07	0	8.407169e-06	2177968201	2.066472e-08	7.558395e-06	3293059020	7.558395e-06	
2.959203e+07	0	1.198749e-05	2177968201	2.066472e-08	7.558395e-06	3293059020	7.558395e-06	
2.972544e+07	1	9.948007e-02	0	1.000000e+00	1.000000e-01	121	1.097976e-05	
3.022973e+07	4	5.449014e-06	1803925302	1.400000e-08	8.714638e-06	3485819286	8.115952e-06	378125977	1.400000e-08	2159618959	1.400000e-08	
3.029983e+07	1	1.710037e-05	1	6.725889e-07	3.168034e-05	1035956119	8.753056e-06	
3.044141e+07	3	3.782169e-06	2159618959	1.400000e-08	8.714638e-06	378125977	8.714638e-06	2441325815	1.400000e-08	
3.069044e+07	1	7.416167e-06	2441325815	2.800000e-08	1.097976e-05	1803925302	8.714638e-06	
3.110804e+07	1	9.926666e-02	0	1.000000e+00	1.000000e-01	375852842	8.714638e-06	
3.135134e+07	0	1.558494e-05	106	2.800000e-08	1.097976e-05	3147695692	9.250719e-06	
3.151696e+07	0	4.652887e-05	9	1.599638e-06	4.228769e-05	772925454	8.724274e-06	
3.156234e+07	0	1.577765e-05	2159618959	1.400000e-08	8.714638e-06	3293059020	7.558395e-06	
3.376262e+07	1	3.984997e-05	9	1.613638e-06	4.241069e-05	1172086036	8.714638e-06	
3.400532e+07	1	3.317156e-05	7	1.795535e-06	4.394788e-05	3375523036	8.714638e-06	
3.440978e+07	3	1.345196e-05	2441325815	1.400000e-08	8.714638e-06	2159618959	8.714638e-06	3401497744	1.400000e-08	4069401935	1.400000e-08	
3.470414e+07	0	1.415015e-05	4069401935	1.400000e-08	8.714638e-06	3401497744	8.714638e-06	
3.470561e+07	1	9.298028e-06	4069401935	2.800000e-08	1.097976e-05	3401497744	8.714638e-06	
3.500302e+07	0	3.418049e-05	2	5.977796e-07	3.045933e-05	1382686479	9.230094e-06	
3.543720e+07	3	1.284360e-05	4069401935	1.400000e-08	8.714638e-06	2177968201	7.558395e-06	134948105	1.733236e-08	1998372786	1.733236e-08	
3.544067e+07	0	1.390099e-05	1998372786	1.733236e-08	9.357487e-06	4069401935	8.714638e-06	
3.546515e+07	0	1.496022e-05	134948105	1.733236e-08	9.357487e-06	4069401935	8.714638e-06	
3.571912e+07	0	3.800827e-05	2	5.977796e-07	3.045933e-05	2063946235	9.609108e-06	
3.597704e+07	3	1.007857e-05	1998372786	1.733236e-08	8.714638e-06	3293059020	7.558395e-06	2455922112	1.400000e-08	
3.597720e+07	1	6.847177e-06	1998372786	3.133236e-08	1.061601e-05	2455922112	8.714638e-06	
3.603150e+07	1	9.912977e-02	0	1.000000e+00	1.000000e-01	107	1.097976e-05	
3.669092e+07	1	3.959185e-05	9	1.641638e-06	4.265459e-05	86	1.097976e-05	
3.709045e+07	1	3.778096e-05	7	1.814303e-06	4.410048e-05	2063946235	9.609108e-06	
3.726568e+07	1	9.903153e-02	0	1.000000e+00	1.000000e-01	2795063678	8.714638e-06	
3.791699e+07	1	1.000053e-01	0	1.000000e+00	1.000000e-01	2441325815	8.714638e-06	
3.803680e+07	0	1.521473e-05	134948105	1.733236e-08	9.357487e-06	4069401935	8.714638e-06	
3.923099e+07	1	9.806744e-02	0	1.000001e+00	1.000000e-01	106	1.097976e-05	
3.923656e+07	3	2.736809e-05	2	5.935601e-07	3.038749e-05	1382686479	9.230094e-06	3059103076	2.085358e-08	
3.947398e+07	1	2.618399e-05	1	6.934424e-07	3.200443e-05	3059103076	9.952530e-06	
3.968888e+07	0	1.638428e-05	134948105	1.733236e-08	9.357487e-06	4069401935	8.714638e-06	
4.115763e+07	1	9.981712e-02	0	1.000001e+00	1.000000e-01	3147695692	9.250719e-06	
4.125194e+07	0	4.821363e-05	9	1.641638e-06	4.265459e-05	2328232000	8.714638e-06	
4.142711e+07	1	9.932910e-02	0	1.000001e+00	1.000000e-01	119	1.097976e-05	
4.143190e+07	3	1.637663e-05	113	2.482918e-08	1.054858e-05	132	8.714638e-06	432337108	1.717082e-08	
4.182711e+07	1	9.956555e-02	0	1.000001e+00	1.000000e-01	120	8.714638e-06	
4.192303e+07	1	9.936428e-02	0	1.000001e+00	1.000000e-01	1634407402	8.714638e-06	
4.218815e+07	3	1.222922e-05	432337108	1.737034e-08	8.714638e-06	2875471576	8.755840e-06	1902671923	1.400000e-08	
4.250361e+07	1	3.053193e-05	13	1.390994e-06	4.036285e-05	2215785330	8.724274e-06	
4.327383e+07	1	9.994675e-02	0	1.000001e+00	1.000000e-01	72	1.097976e-05	
4.589169e+07	1	2.858730e-05	13	1.418994e-06	4.063188e-05	145	1.097976e-05	
4.592414e+07	3	1.537372e-05	134948105	1.733236e-08	8.714638e-06	4069401935	8.714638e-06	4209590891	1.400000e-08	
4.592521e+07	1	1.190561e-05	134948105	3.133236e-08	1.061601e-05	4209590891	8.714638e-06	
4.652299e+07	3	5.622714e-06	2	5.906870e-07	3.033839e-05	1902671923	8.714638e-06	77395223	1.687304e-08	
4.688662e+07	1	2.491311e-05	1	7.103155e-07	3.226194e-05	77395223	9.274087e-06	
4.913623e+07	1	1.163116e-05	13	1.434197e-06	4.077647e-05	2909632847	8.957284e-06	
5.073841e+07	1	9.956569e-02	0	1.000001e+00	1.000000e-01	38	1.097976e-05	
5.137942e+07	1	9.958467e-02	0	1.000001e+00	1.000000e-01	432337108	8.714638e-06	
5.142934e+07	1	9.977010e-02	0	1.000001e+00	1.000000e-01	112	1.097976e-05	
5.202219e+07	1	9.941133e-02	0	1.000001e+00	1.000000e-01	90	1.383363e-05	
5.203294e+07	1	9.996095e-02	0	1.000001e+00	1.000000e-01	937177227	8.957284e-06	
5.261921e+07	1	3.013420e-05	9	1.655638e-06	4.277551e-05	4260098875	8.714638e-06	
5.329042e+07	1	3.949458e-05	7	1.842303e-06	4.432619e-05	133	1.097976e-05	
5.389575e+07	1	1.000090e-01	0	1.000001e+00	1.000000e-01	1998372786	1.061601e-05	
5.590853e+07	1	9.994719e-02	0	1.000001e+00	1.000000e-01	879162223	8.714638e-06	
5.780213e+07	1	9.984386e-02	0	1.000001e+00	1.000000e-01	1452489764	9.172477e-06	
5.851159e+07	0	4.657213e-05	9	1.655638e-06	4.277551e-05	33	1.097976e-05	
5.875378e+07	1	9.971291e-02	0	1.000001e+00	1.000000e-01	151	1.097976e-05	
5.957202e+07	1	9.917967e-02	0	1.000001e+00	1.000000e-01	139	1.097976e-05	
5.972849e+07	1	9.966452e-02	0	1.000001e+00	1.000000e-01	3913511150	8.714638e-06	
6.142689e+07	0	5.057925e-05	9	1.655638e-06	4.277551e-05	57	8.714638e-06	
6.177319e+07	1	9.594340e-02	0	1.000001e+00	1.000000e-01	57	8.714638e-06	
6.270409e+07	0	4.729386e-05	7	1.842303e-06	4.432619e-05	67	8.714638e-06	
6.280479e+07	1	9.950350e-02	0	1.000001e+00	1.000000e-01	88	1.097976e-05	
6.290294e+07	1	9.971425e-02	0	1.000001e+00	1.000000e-01	772925454	8.724274e-06	
6.386183e+07	1	9.967014e-02	0	1.000001e+00	1.000000e-01	3214077756	8.714638e-06	
6.394336e+07	1	1.000102e-01	0	1.000001e+00	1.000000e-01	134948105	1.061601e-05	
6.583253e+07	1	9.991541e-02	0	1.000001e+00	1.000000e-01	100	8.714638e-06	
7.803564e+07	1	2.042795e-05	7	1.856303e-06	4.443819e-05	3869596591	8.714638e-06	
7.818253e+07	1	2.874875e-05	2	6.053265e-07	3.058698e-05	2328232000	8.714638e-06	
7.896885e+07	1	3.730578e-05	13	1.462197e-06	4.104012e-05	48	1.097976e-05	
7.929795e+07	2	4.251763e-05	1	1.240323e-06	3.884945e-05	2	3.058698e-05	3592986772	1.400000e-08	1246511018	1.532987e-08	3986570268	1.532987e-08	174500547	1.532987e-08	4083845756	1.532987e-08	
7.931327e+07	1	3.010145e-05	1	1.255652e-06	3.900885e-05	4083845756	8.982272e-06	
7.941468e+07	1	4.502180e-05	1	1.270982e-06	3.916696e-05	174500547	8.982272e-06	
8.023542e+07	1	1.484805e-05	1	1.286312e-06	3.932380e-05	1246511018	8.982272e-06	
8.051729e+07	1	3.332154e-05	7	1.871633e-06	4.456018e-05	3986570268	8.982272e-06	
8.301870e+07	0	4.708773e-05	1	1.286312e-06	3.932380e-05	3592986772	8.714638e-06	
8.350396e+07	0	4.231742e-05	1	1.286312e-06	3.932380e-05	3592986772	8.714638e-06	
8.352734e+07	1	2.822217e-05	1	1.300312e-06	3.946595e-05	3592986772	8.714638e-06	
8.391711e+07	1	9.976306e-02	0	1.000001e+00	1.000000e-01	1249238030	8.714638e-06	
8.701461e+07	1	9.937406e-02	0	1.000001e+00	1.000000e-01	94	1.097976e-05	
8.983970e+07	1	9.968765e-02	0	1.000001e+00	1.000000e-01	113	1.054858e-05	
9.906286e+07	0	4.867100e-05	7	1.871633e-06	4.456018e-05	131	1.097976e-05	
1.020821e+08	1	9.988959e-02	0	1.000001e+00	1.000000e-01	1804212609	8.714638e-06	
1.220149e+08	1	9.963187e-02	0	1.000001e+00	1.000000e-01	123	1.097976e-05	
1.461943e+08	1	9.986148e-02	0	1.000001e+00	1.000000e-01	148	1.097976e-05	
1.484829e+08	1	9.920571e-02	0	1.000001e+00	1.000000e-01	3071577057	9.172477e-06	
1.518394e+08	1	9.970712e-02	0	1.000001e+00	1.000000e-01	3396227953	8.714638e-06	
1.777983e+08	1	9.935137e-02	0	1.000001e+00	1.000000e-01	130	1.097976e-05	
1.794221e+08	1	3.571398e-05	13	1.476197e-06	4.117068e-05	2842015324	8.714638e-06	
1.911884e+08	1	5.266528e-06	141	4.200000e-08	1.256868e-05	2151269300	8.714638e-06	
1.981723e+08	3	1.661764e-05	146	3.216336e-08	1.149901e-05	105	1.097976e-05	110358663	1.727888e-08	1370908750	1.727888e-08	1837234470	1.727888e-08	
2.049085e+08	1	9.979438e-02	0	1.000001e+00	1.000000e-01	1837234470	9.347853e-06	
2.058309e+08	1	9.997598e-02	0	1.000001e+00	1.000000e-01	110358663	9.347853e-06	
2.147766e+08	1	9.881066e-02	0	1.000001e+00	1.000000e-01	3303338876	8.714638e-06	
2.449434e+08	1	9.876462e-02	0	1.000001e+00	1.000000e-01	110	9.931827e-06	
2.484996e+08	1	3.392669e-05	13	1.494965e-06	4.134443e-05	2962530363	9.609108e-06	
2.681736e+08	1	9.965933e-02	0	1.000001e+00	1.000000e-01	141	1.256868e-05	
2.796272e+08	1	9.731460e-02	0	1.000001e+00	1.000000e-01	1370908750	9.347853e-06	
