2.360272e+03	0	3.280893e-05	3	2.800000e-07	2.365517e-05	47	1.097976e-05	
2.495811e+03	0	2.118385e-05	23	2.800000e-08	1.097976e-05	18	1.097976e-05	
1.601663e+04	0	1.517208e-05	16	2.800000e-08	1.097976e-05	15	1.097976e-05	
2.046573e+04	1	5.716636e-06	127	5.600000e-08	1.383363e-05	125	1.097976e-05	
2.307172e+04	1	3.215538e-05	1	3.080000e-07	2.441876e-05	21	1.097976e-05	
2.456931e+04	0	1.820184e-05	55	2.800000e-08	1.097976e-05	49	1.097976e-05	
2.545451e+04	1	2.123908e-05	5	3.080000e-07	2.441876e-05	68	1.097976e-05	
2.870038e+04	1	7.935159e-06	76	5.600000e-08	1.383363e-05	70	1.097976e-05	
4.973637e+04	1	2.286678e-05	1	3.360000e-07	2.513737e-05	26	1.097976e-05	
5.009315e+04	0	1.506925e-05	25	2.800000e-08	1.097976e-05	22	1.097976e-05	
7.077437e+04	0	3.464856e-05	5	3.080000e-07	2.441876e-05	57	1.097976e-05	
9.437839e+04	1	2.598139e-05	8	3.080000e-07	2.441876e-05	124	1.097976e-05	
9.628435e+04	1	1.387099e-05	121	5.600000e-08	1.383363e-05	111	1.097976e-05	
1.093840e+05	1	3.428738e-05	4	3.080000e-07	2.441876e-05	59	1.097976e-05	
1.242209e+05	1	2.155136e-05	14	3.080000e-07	2.441876e-05	133	1.097976e-05	
1.332967e+05	0	3.347426e-05	1	3.360000e-07	2.513737e-05	24	1.097976e-05	
1.430813e+05	1	1.502409e-05	2	3.080000e-07	2.441876e-05	34	1.097976e-05	
1.452163e+05	1	3.172467e-05	2	3.360000e-07	2.513737e-05	32	1.097976e-05	
1.892437e+05	3	6.190195e-06	64	1.400000e-08	8.714638e-06	41	1.097976e-05	3687573659	1.400000e-08	3196256300	1.400000e-08	848448836	1.400000e-08	
2.069528e+05	0	2.004369e-05	20	2.800000e-08	1.097976e-05	17	1.097976e-05	
2.084632e+05	0	2.109652e-05	79	2.800000e-08	1.097976e-05	43	1.097976e-05	
2.209712e+05	0	3.435952e-05	1	3.360000e-07	2.513737e-05	23	1.097976e-05	
2.211227e+05	1	2.140020e-05	1	3.640000e-07	2.581708e-05	23	1.097976e-05	
2.315845e+05	0	1.947905e-05	24	2.800000e-08	1.097976e-05	19	1.097976e-05	
2.488395e+05	1	7.515565e-06	127	8.400000e-08	1.583555e-05	122	1.097976e-05	
2.495243e+05	2	7.974649e-06	33	3.734924e-08	1.208650e-05	31	1.097976e-05	2211003714	1.865076e-08	
2.555451e+05	1	1.845106e-05	4	3.360000e-07	2.513737e-05	106	1.097976e-05	
2.740365e+05	0	1.840243e-05	35	2.800000e-08	1.097976e-05	28	1.097976e-05	
2.852146e+05	0	1.530013e-05	50	2.800000e-08	1.097976e-05	848448836	8.714638e-06	
2.867830e+05	0	1.512019e-05	154	2.800000e-08	1.097976e-05	136	1.097976e-05	
3.136927e+05	1	1.772174e-05	11	3.080000e-07	2.441876e-05	90	1.097976e-05	
3.168975e+05	1	1.636412e-05	1	3.920000e-07	2.646277e-05	29	1.097976e-05	
3.213273e+05	1	2.946094e-05	9	5.600000e-07	2.980364e-05	3	2.365517e-05	
3.313256e+05	1	1.852423e-05	35	5.600000e-08	1.383363e-05	28	1.097976e-05	
3.336059e+05	1	1.756267e-05	14	3.360000e-07	2.513737e-05	144	1.097976e-05	
3.457894e+05	3	8.597163e-06	53	1.400000e-08	8.714638e-06	43	1.097976e-05	2916276788	1.400000e-08	3696193412	1.400000e-08	15308464	1.400000e-08	
3.809533e+05	0	2.581196e-05	5	3.080000e-07	2.441876e-05	3196256300	8.714638e-06	
3.897467e+05	0	1.217617e-05	77	2.800000e-08	1.097976e-05	49	1.097976e-05	
3.994628e+05	0	1.946504e-05	75	2.800000e-08	1.097976e-05	74	1.097976e-05	
4.258652e+05	1	2.623488e-05	5	3.360000e-07	2.513737e-05	54	1.097976e-05	
4.400856e+05	1	2.583840e-05	6	3.080000e-07	2.441876e-05	55	1.097976e-05	
4.458243e+05	0	3.688483e-05	1	3.920000e-07	2.646277e-05	20	1.097976e-05	
4.559455e+05	0	1.362333e-05	39	2.800000e-08	1.097976e-05	36	1.097976e-05	
4.621623e+05	1	2.145920e-05	1	4.200000e-07	2.707841e-05	18	1.097976e-05	
4.748877e+05	1	2.646163e-05	1	4.480000e-07	2.766725e-05	27	1.097976e-05	
5.071972e+05	0	2.667082e-05	6	3.080000e-07	2.441876e-05	73	1.097976e-05	
5.809585e+05	3	9.178170e-06	82	1.400000e-08	8.714638e-06	38	1.097976e-05	1239307652	1.400000e-08	1945448119	1.400000e-08	3396227953	1.400000e-08	
6.313554e+05	1	4.173498e-05	8	5.880000e-07	3.029231e-05	10	2.365517e-05	
6.492453e+05	0	2.379672e-05	13	2.800000e-07	2.365517e-05	50	1.097976e-05	
6.688611e+05	0	2.520900e-05	4	3.360000e-07	2.513737e-05	74	1.097976e-05	
6.833459e+05	1	2.192351e-05	5	3.640000e-07	2.581708e-05	57	1.097976e-05	
6.931380e+05	0	3.244459e-05	4	3.360000e-07	2.513737e-05	1945448119	8.714638e-06	
6.985646e+05	0	2.661874e-05	2	3.360000e-07	2.513737e-05	35	1.383363e-05	
6.986293e+05	1	2.310926e-05	2	3.920000e-07	2.646277e-05	35	1.383363e-05	
7.045204e+05	0	1.552353e-05	135	2.800000e-08	1.097976e-05	132	1.097976e-05	
7.045442e+05	0	1.367231e-05	63	2.800000e-08	1.097976e-05	44	1.097976e-05	
7.184558e+05	1	9.917357e-02	0	1.000000e+00	1.000000e-01	153	1.097976e-05	
7.886123e+05	1	2.501199e-05	4	3.640000e-07	2.581708e-05	79	1.097976e-05	
8.994625e+05	0	2.095496e-05	95	2.800000e-08	1.097976e-05	66	1.097976e-05	
1.086968e+06	3	1.225672e-05	73	2.515584e-08	9.268791e-06	3696193412	8.714638e-06	3321237907	1.684416e-08	
1.106797e+06	3	7.220116e-06	78	1.400000e-08	8.714638e-06	63	1.097976e-05	3187199216	1.400000e-08	3330100144	1.400000e-08	310481256	1.400000e-08	
1.151251e+06	0	2.732532e-05	2	3.920000e-07	2.646277e-05	19	1.097976e-05	
1.210611e+06	1	2.389451e-05	5	4.200000e-07	2.707841e-05	76	1.383363e-05	
1.265453e+06	1	4.934578e-05	4	6.720000e-07	3.167110e-05	6	2.441876e-05	
1.292261e+06	0	1.759480e-05	20	2.800000e-08	1.097976e-05	16	1.097976e-05	
1.299315e+06	4	4.420287e-06	49	1.400000e-08	8.714638e-06	1945448119	8.714638e-06	817087088	1.400000e-08	551137729	1.400000e-08	
1.344902e+06	0	2.902086e-05	5	4.200000e-07	2.707841e-05	61	1.097976e-05	
1.382924e+06	3	9.420652e-06	17	1.400000e-08	8.714638e-06	16	1.097976e-05	1218250404	1.400000e-08	1035956119	1.400000e-08	1211996162	1.400000e-08	
1.558467e+06	1	1.857583e-05	9	5.740000e-07	3.004996e-05	49	8.714638e-06	
1.580494e+06	1	7.096190e-06	9	6.020000e-07	3.053085e-05	50	1.097976e-05	
1.593711e+06	3	1.780633e-05	12	2.716922e-07	2.341886e-05	149	1.097976e-05	188552836	1.815392e-08	2029773149	1.815392e-08	
1.597008e+06	1	2.443985e-05	9	6.300000e-07	3.099704e-05	46	1.097976e-05	
1.628068e+06	0	3.536985e-05	5	4.200000e-07	2.707841e-05	92	1.097976e-05	
1.725174e+06	1	2.537275e-05	5	4.480000e-07	2.766725e-05	93	1.097976e-05	
1.730540e+06	1	2.188901e-05	12	2.996922e-07	2.419720e-05	132	1.097976e-05	
1.758762e+06	0	3.774504e-05	1	4.480000e-07	2.766725e-05	25	1.097976e-05	
1.818456e+06	1	1.811561e-05	14	3.640000e-07	2.581708e-05	112	1.097976e-05	
1.842162e+06	0	1.364879e-05	72	2.800000e-08	1.097976e-05	817087088	8.714638e-06	
1.858534e+06	0	3.380605e-05	5	4.480000e-07	2.766725e-05	69	1.097976e-05	
1.928071e+06	4	3.338687e-06	72	1.400000e-08	8.714638e-06	82	8.714638e-06	302486611	1.400000e-08	1842102965	1.400000e-08	
2.060225e+06	1	1.707161e-05	1	4.666508e-07	2.804598e-05	2211003714	9.588975e-06	
2.145937e+06	2	3.867938e-06	1	4.886391e-07	2.847974e-05	33	1.208650e-05	1285693762	1.536094e-08	
2.152754e+06	0	3.660402e-05	1	4.886391e-07	2.847974e-05	1285693762	8.988336e-06	
2.196059e+06	1	3.628701e-05	9	9.100000e-07	3.503917e-05	7	2.365517e-05	
2.208019e+06	1	3.925758e-05	4	1.120000e-06	3.755024e-05	5	2.766725e-05	
2.251528e+06	0	1.802098e-05	25	2.800000e-08	1.097976e-05	20	1.097976e-05	
2.273215e+06	0	1.697315e-05	20	2.800000e-08	1.097976e-05	1218250404	8.714638e-06	
2.379189e+06	0	4.072649e-05	9	9.100000e-07	3.503917e-05	92	1.097976e-05	
2.383703e+06	4	7.496705e-06	44	1.400000e-08	8.714638e-06	42	1.097976e-05	1078741991	1.400000e-08	2723643411	1.400000e-08	1804212609	1.400000e-08	
2.406641e+06	1	4.857616e-06	13	2.940000e-07	2.404303e-05	2723643411	8.714638e-06	
2.470736e+06	1	4.144921e-05	9	1.218000e-06	3.861498e-05	11	2.441876e-05	
2.500535e+06	1	2.464469e-05	2	4.200000e-07	2.707841e-05	22	1.097976e-05	
2.614900e+06	0	3.161240e-05	2	4.200000e-07	2.707841e-05	30	1.097976e-05	
2.651988e+06	0	1.576219e-05	52	2.800000e-08	1.097976e-05	1842102965	8.714638e-06	
2.660772e+06	2	8.444148e-06	8	7.976402e-07	3.353325e-05	12	2.419720e-05	438292632	1.500865e-08	2001290253	1.500865e-08	3147695692	1.500865e-08	3179285865	1.500865e-08	2173231515	1.500865e-08	740082705	1.500865e-08	
2.725514e+06	1	4.403566e-06	2001290253	3.001731e-08	1.123735e-05	438292632	8.919091e-06	
2.842499e+06	1	2.684948e-05	9	1.232000e-06	3.876236e-05	78	8.714638e-06	
2.946078e+06	4	7.277284e-06	1285693762	1.536094e-08	8.714638e-06	1035956119	8.714638e-06	2795063678	1.400000e-08	
3.075022e+06	0	2.069442e-05	95	2.800000e-08	1.097976e-05	45	1.097976e-05	
3.117086e+06	0	1.562996e-05	1218250404	1.400000e-08	8.714638e-06	17	8.714638e-06	
3.132586e+06	3	1.448337e-05	80	1.400000e-08	8.714638e-06	848448836	8.714638e-06	3642829293	1.400000e-08	2707128518	1.400000e-08	
3.146135e+06	0	1.556892e-05	2707128518	1.400000e-08	8.714638e-06	3642829293	8.714638e-06	
3.219063e+06	3	1.547655e-05	24	1.645690e-08	9.197207e-06	20	1.097976e-05	474866315	1.977155e-08	1639799867	1.977155e-08	
3.369053e+06	0	4.227670e-05	8	7.976402e-07	3.353325e-05	104	1.097976e-05	
3.379326e+06	0	1.353061e-05	75	2.800000e-08	1.097976e-05	2029773149	9.503061e-06	
3.397715e+06	1	2.645537e-05	1	5.166391e-07	2.901365e-05	60	1.097976e-05	
3.402440e+06	1	3.656554e-05	8	1.091640e-06	3.723058e-05	13	2.404303e-05	
3.413769e+06	3	1.321748e-05	474866315	1.977155e-08	8.714638e-06	2795063678	8.714638e-06	1026028388	1.400000e-08	
3.416589e+06	1	1.807955e-05	1	5.330960e-07	2.931850e-05	24	9.197207e-06	
3.466535e+06	1	2.947811e-05	14	3.920000e-07	2.646277e-05	123	1.097976e-05	
3.585708e+06	3	1.101832e-05	25	2.525532e-08	1.060859e-05	2707128518	8.714638e-06	1128056158	1.674468e-08	
3.769212e+06	0	1.028588e-05	1078741991	1.400000e-08	8.714638e-06	3396227953	8.714638e-06	
3.849773e+06	1	2.765653e-05	1	5.470960e-07	2.957294e-05	17	8.714638e-06	
3.903934e+06	0	1.750634e-05	188552836	1.815392e-08	9.503061e-06	310481256	8.714638e-06	
4.026479e+06	4	6.327293e-06	25	2.525532e-08	8.714638e-06	1239307652	8.714638e-06	2909632847	1.400000e-08	
4.030691e+06	0	3.159258e-05	1	5.470960e-07	2.957294e-05	1639799867	9.777330e-06	
4.031409e+06	0	1.615488e-05	25	2.525532e-08	8.714638e-06	2909632847	8.714638e-06	
4.078869e+06	0	3.891240e-05	1	5.470960e-07	2.957294e-05	1639799867	9.777330e-06	
4.118516e+06	1	3.325729e-05	4	1.148000e-06	3.786058e-05	36	1.097976e-05	
4.121954e+06	0	1.690331e-05	1128056158	1.674468e-08	9.250509e-06	1026028388	8.714638e-06	
4.149309e+06	1	9.984655e-06	1	5.610960e-07	2.982307e-05	1211996162	8.714638e-06	
4.239348e+06	0	4.243656e-05	8	1.091640e-06	3.723058e-05	69	1.097976e-05	
4.395557e+06	0	4.658118e-05	8	1.091640e-06	3.723058e-05	65	1.097976e-05	
4.457935e+06	0	4.551241e-05	8	1.091640e-06	3.723058e-05	94	1.097976e-05	
4.598609e+06	0	3.298561e-05	2	4.200000e-07	2.707841e-05	2909632847	8.714638e-06	
4.696623e+06	3	1.154775e-05	37	1.400000e-08	8.714638e-06	302486611	8.714638e-06	937177227	1.400000e-08	3393811039	1.400000e-08	
4.805937e+06	0	4.336231e-05	4	1.148000e-06	3.786058e-05	3196256300	8.714638e-06	
4.839166e+06	0	4.353136e-05	9	1.232000e-06	3.876236e-05	85	1.097976e-05	
4.859407e+06	1	3.129892e-05	4	1.162000e-06	3.801387e-05	3393811039	8.714638e-06	
4.897287e+06	0	1.980086e-05	30	2.800000e-08	1.097976e-05	1128056158	9.250509e-06	
4.922080e+06	0	4.604430e-05	4	1.162000e-06	3.801387e-05	30	1.097976e-05	
5.054980e+06	1	2.116014e-05	2	4.340000e-07	2.737600e-05	80	8.714638e-06	
5.188875e+06	1	3.315029e-05	9	1.260000e-06	3.905382e-05	113	1.097976e-05	
5.318963e+06	2	9.467475e-06	127	9.083599e-08	1.625397e-05	105	1.097976e-05	611212867	2.116401e-08	
5.548915e+06	0	1.028252e-05	551137729	1.400000e-08	8.714638e-06	44	8.714638e-06	
5.555079e+06	0	1.921383e-05	101	2.800000e-08	1.097976e-05	2029773149	9.503061e-06	
5.728910e+06	1	1.827635e-05	1	5.808675e-07	3.016933e-05	474866315	8.714638e-06	
5.754255e+06	0	4.873238e-05	4	1.162000e-06	3.801387e-05	96	1.097976e-05	
6.147653e+06	1	1.997798e-05	1	6.006391e-07	3.050782e-05	1639799867	9.777330e-06	
6.254112e+06	1	3.726371e-05	9	1.275009e-06	3.920827e-05	740082705	8.919091e-06	
6.521617e+06	1	2.834878e-05	4	1.190000e-06	3.831678e-05	75	1.097976e-05	
6.584985e+06	1	1.699878e-05	4	1.215255e-06	3.858595e-05	25	8.714638e-06	
6.681986e+06	0	1.740980e-05	88	2.800000e-08	1.097976e-05	44	8.714638e-06	
7.000725e+06	1	1.977783e-05	9	1.303009e-06	3.949321e-05	77	1.097976e-05	
7.240944e+06	0	1.964456e-05	74	2.800000e-08	1.097976e-05	15	1.097976e-05	
7.350109e+06	1	1.979935e-05	9	1.317009e-06	3.963415e-05	3642829293	8.714638e-06	
7.405615e+06	3	1.199361e-05	118	1.400000e-08	8.714638e-06	81	1.097976e-05	1104410542	1.400000e-08	2328232000	1.400000e-08	2999719241	1.400000e-08	
7.466165e+06	1	1.354717e-05	2	4.480000e-07	2.766725e-05	44	8.714638e-06	
7.485392e+06	0	4.460870e-05	8	1.091640e-06	3.723058e-05	58	1.097976e-05	
7.532248e+06	0	4.488682e-05	4	1.215255e-06	3.858595e-05	2909632847	8.714638e-06	
7.583820e+06	3	1.121432e-05	100	1.400000e-08	8.714638e-06	48	1.097976e-05	1931993247	1.400000e-08	1494850122	1.400000e-08	3414514926	1.400000e-08	
7.647687e+06	0	4.489014e-05	8	1.091640e-06	3.723058e-05	52	1.097976e-05	
7.700298e+06	0	1.801960e-05	92	2.800000e-08	1.097976e-05	3396227953	8.714638e-06	
7.712763e+06	0	4.308603e-05	9	1.317009e-06	3.963415e-05	94	1.097976e-05	
7.737242e+06	0	3.689297e-05	14	3.920000e-07	2.646277e-05	139	1.097976e-05	
7.878725e+06	1	9.965744e-02	0	1.000000e+00	1.000000e-01	2909632847	8.714638e-06	
7.920057e+06	1	7.300365e-06	14	4.220173e-07	2.712169e-05	2001290253	1.123735e-05	
7.963998e+06	0	3.673868e-05	1	6.006391e-07	3.050782e-05	3396227953	8.714638e-06	
7.963998e+06	1	7.783375e-02	0	1.000000e+00	1.000000e-01	3396227953	8.714638e-06	
8.105210e+06	1	3.815931e-05	4	1.229255e-06	3.873356e-05	3414514926	8.714638e-06	
8.215780e+06	0	4.262173e-05	8	1.091640e-06	3.723058e-05	71	1.097976e-05	
8.237621e+06	0	1.519281e-05	15	2.800000e-08	1.097976e-05	1218250404	8.714638e-06	
8.572484e+06	1	9.941349e-02	0	1.000000e+00	1.000000e-01	310481256	8.714638e-06	
8.604299e+06	0	3.696864e-05	1	6.006391e-07	3.050782e-05	1128056158	9.250509e-06	
8.626226e+06	3	1.901457e-05	2	4.422524e-07	2.754842e-05	19	1.097976e-05	2312786130	1.687382e-08	3537925318	1.687382e-08	
8.630799e+06	1	1.855700e-05	2	4.591262e-07	2.789442e-05	2312786130	9.274228e-06	
8.678334e+06	1	3.582867e-05	2	4.760000e-07	2.823204e-05	3537925318	9.274228e-06	
8.683680e+06	0	1.957440e-05	131	2.800000e-08	1.097976e-05	94	1.097976e-05	
8.768591e+06	1	3.036227e-05	1	6.173837e-07	3.078873e-05	1128056158	9.250509e-06	
9.161705e+06	3	1.156517e-05	67	1.400000e-08	8.714638e-06	3321237907	9.268791e-06	1634407402	1.542208e-08	3869596591	1.542208e-08	
9.167003e+06	0	1.904181e-05	74	2.800000e-08	1.097976e-05	1842102965	8.714638e-06	
9.356654e+06	1	1.591784e-05	2	4.900000e-07	2.850616e-05	64	8.714638e-06	
9.444750e+06	4	8.672669e-06	87	1.400000e-08	8.714638e-06	2173231515	8.919091e-06	3375523036	1.450433e-08	772925454	1.450433e-08	
9.538209e+06	4	1.499482e-06	92	1.400000e-08	8.714638e-06	74	1.097976e-05	2215785330	1.400000e-08	3491092596	1.400000e-08	57770090	1.400000e-08	
9.821061e+06	3	1.416078e-05	96	1.400000e-08	8.714638e-06	3187199216	8.714638e-06	3071577057	1.400000e-08	1452489764	1.400000e-08	
9.954131e+06	0	4.482597e-05	9	1.317009e-06	3.963415e-05	96	8.714638e-06	
1.032726e+07	1	9.948952e-02	0	1.000000e+00	1.000000e-01	146	1.097976e-05	
1.041685e+07	0	1.915207e-05	152	2.800000e-08	1.097976e-05	116	1.097976e-05	
1.056488e+07	4	5.594096e-06	89	1.400000e-08	8.714638e-06	817087088	8.714638e-06	4260098875	1.400000e-08	3696843781	1.400000e-08	
1.068896e+07	0	1.109255e-05	57770090	1.400000e-08	8.714638e-06	72	8.714638e-06	
1.078417e+07	1	2.488077e-05	1	6.313837e-07	3.101971e-05	937177227	8.714638e-06	
1.088962e+07	3	1.494832e-05	71	1.400000e-08	8.714638e-06	52	1.097976e-05	2138100036	1.400000e-08	1726701215	1.400000e-08	1412415798	1.400000e-08	
1.100757e+07	1	1.579205e-05	4	1.243255e-06	3.888005e-05	15308464	8.714638e-06	
1.102617e+07	0	3.288770e-05	2	4.900000e-07	2.850616e-05	2215785330	8.714638e-06	
1.117787e+07	1	3.663669e-05	8	1.105640e-06	3.738907e-05	71	8.714638e-06	
1.125886e+07	3	1.420119e-05	129	2.401135e-08	1.043147e-05	3179285865	8.919091e-06	375852842	1.899731e-08	
1.135092e+07	0	4.680735e-05	9	1.317009e-06	3.963415e-05	89	8.714638e-06	
1.144621e+07	4	9.640228e-06	98	1.400000e-08	8.714638e-06	3071577057	8.714638e-06	3593732192	1.400000e-08	3888264012	1.400000e-08	
1.207714e+07	1	5.965211e-06	4	1.257255e-06	3.902544e-05	37	8.714638e-06	
1.227853e+07	4	5.533755e-06	15	1.400000e-08	8.714638e-06	1218250404	8.714638e-06	313359544	1.400000e-08	217284033	1.400000e-08	
1.236720e+07	1	2.863955e-05	4	1.271255e-06	3.916976e-05	89	8.714638e-06	
1.254554e+07	0	2.888319e-05	2	4.900000e-07	2.850616e-05	30	1.097976e-05	
1.280432e+07	0	1.044012e-05	217284033	1.400000e-08	8.714638e-06	313359544	8.714638e-06	
1.281268e+07	0	1.177220e-05	4260098875	1.400000e-08	8.714638e-06	98	8.714638e-06	
1.300101e+07	0	3.701078e-05	2	4.900000e-07	2.850616e-05	30	1.097976e-05	
1.334162e+07	0	2.033371e-05	151	2.800000e-08	1.097976e-05	69	1.097976e-05	
1.342989e+07	0	1.891659e-05	136	2.800000e-08	1.097976e-05	117	1.097976e-05	
1.357627e+07	0	4.763511e-05	4	1.271255e-06	3.916976e-05	2999719241	8.714638e-06	
1.364258e+07	1	2.779329e-05	1	6.593837e-07	3.147164e-05	30	1.097976e-05	
1.372203e+07	1	2.745794e-05	1	6.733837e-07	3.169282e-05	313359544	8.714638e-06	
1.372558e+07	0	4.728248e-05	9	1.317009e-06	3.963415e-05	3330100144	8.714638e-06	
1.378363e+07	4	5.276832e-06	66	1.400000e-08	8.714638e-06	51	1.097976e-05	2151269300	1.400000e-08	3913511150	1.400000e-08	2962530363	1.400000e-08	
1.378521e+07	0	4.106893e-05	9	1.317009e-06	3.963415e-05	96	8.714638e-06	
1.386240e+07	1	9.917856e-02	0	1.000000e+00	1.000000e-01	145	1.097976e-05	
1.394304e+07	1	9.295971e-06	8	1.119640e-06	3.754622e-05	4260098875	8.714638e-06	
1.411373e+07	0	1.646714e-05	217284033	1.400000e-08	8.714638e-06	15	8.714638e-06	
1.448009e+07	4	1.012041e-05	141	1.400000e-08	8.714638e-06	375852842	9.648001e-06	2063946235	1.649865e-08	1172086036	1.649865e-08	
1.492533e+07	0	4.234951e-05	4	1.271255e-06	3.916976e-05	87	8.714638e-06	
1.505211e+07	1	1.296917e-05	9	1.331009e-06	3.977409e-05	2962530363	8.714638e-06	
1.506282e+07	0	4.630285e-05	4	1.271255e-06	3.916976e-05	3196256300	8.714638e-06	
1.543511e+07	1	2.266143e-05	9	1.345009e-06	3.991306e-05	96	8.714638e-06	
1.554865e+07	0	1.552473e-05	97	2.800000e-08	1.097976e-05	1931993247	8.714638e-06	
1.563475e+07	0	3.441614e-05	2	4.900000e-07	2.850616e-05	1842102965	8.714638e-06	
1.568825e+07	4	5.172822e-06	114	1.400000e-08	8.714638e-06	98	8.714638e-06	690117576	1.400000e-08	3288380490	1.400000e-08	
1.610952e+07	1	3.661946e-05	4	1.285255e-06	3.931303e-05	3491092596	8.714638e-06	
1.615879e+07	0	1.964579e-05	128	2.800000e-08	1.097976e-05	1172086036	9.204980e-06	
1.620105e+07	1	3.592663e-05	4	1.313255e-06	3.959646e-05	45	1.097976e-05	
1.631887e+07	1	1.451355e-05	4	1.327255e-06	3.973667e-05	1931993247	8.714638e-06	
1.640147e+07	0	9.517100e-06	1726701215	1.400000e-08	8.714638e-06	141	8.714638e-06	
1.653823e+07	0	1.297017e-05	2328232000	1.400000e-08	8.714638e-06	100	8.714638e-06	
1.658353e+07	1	1.089101e-05	2	5.040000e-07	2.877510e-05	1842102965	8.714638e-06	
1.678703e+07	1	2.186419e-05	8	1.144796e-06	3.782533e-05	73	9.268791e-06	
1.710712e+07	0	4.277755e-05	4	1.327255e-06	3.973667e-05	1726701215	8.714638e-06	
1.730060e+07	1	9.849678e-02	0	1.000000e+00	1.000000e-01	118	8.714638e-06	
1.758406e+07	1	2.539278e-05	4	1.341255e-06	3.987590e-05	3288380490	8.714638e-06	
1.764724e+07	1	9.992372e-02	0	1.000000e+00	1.000000e-01	110	1.097976e-05	
1.765799e+07	4	5.869237e-06	134	1.400000e-08	8.714638e-06	115	1.097976e-05	845665321	1.400000e-08	3122982648	1.400000e-08	1471982444	1.400000e-08	
1.824299e+07	1	3.070681e-05	8	1.159300e-06	3.798441e-05	772925454	8.818049e-06	
1.847041e+07	1	9.862479e-02	0	1.000000e+00	1.000000e-01	188552836	9.503061e-06	
1.865644e+07	1	1.502299e-05	4	1.355255e-06	4.001416e-05	1026028388	8.714638e-06	
1.874123e+07	0	4.628278e-05	4	1.355255e-06	4.001416e-05	127	1.625397e-05	
1.887806e+07	0	1.562770e-05	126	2.800000e-08	1.097976e-05	101	1.097976e-05	
1.897206e+07	1	9.919733e-02	0	1.000000e+00	1.000000e-01	126	1.097976e-05	
1.941586e+07	0	4.161006e-05	8	1.159300e-06	3.798441e-05	114	8.714638e-06	
1.956697e+07	4	1.092303e-05	140	1.400000e-08	8.714638e-06	3593732192	8.714638e-06	3303338876	1.400000e-08	2875471576	1.400000e-08	
1.957556e+07	1	2.355768e-05	8	1.173300e-06	3.813670e-05	114	8.714638e-06	
1.971013e+07	1	1.992066e-05	4	1.369255e-06	4.015147e-05	1078741991	8.714638e-06	
1.977089e+07	1	9.956229e-02	0	1.000000e+00	1.000000e-01	92	8.714638e-06	
1.977982e+07	0	1.210657e-05	3696843781	1.400000e-08	8.714638e-06	1452489764	8.714638e-06	
2.047700e+07	0	3.345511e-05	1	6.733837e-07	3.169282e-05	39	1.097976e-05	
2.059754e+07	1	9.946362e-02	0	1.000000e+00	1.000000e-01	3888264012	8.714638e-06	
2.075372e+07	1	1.799323e-05	2	5.193609e-07	2.906452e-05	1285693762	8.714638e-06	
2.132289e+07	0	3.644695e-05	14	4.220173e-07	2.712169e-05	129	1.043147e-05	
2.134445e+07	0	4.625609e-05	9	1.345009e-06	3.991306e-05	1452489764	8.714638e-06	
2.144519e+07	4	6.216475e-06	109	1.400000e-08	8.714638e-06	86	1.097976e-05	1738909006	1.400000e-08	356405251	1.400000e-08	2879167783	1.400000e-08	
2.150012e+07	0	4.561353e-05	9	1.345009e-06	3.991306e-05	2063946235	9.204980e-06	
2.193487e+07	1	3.028476e-05	1	6.873837e-07	3.191095e-05	66	8.714638e-06	
2.196080e+07	1	1.000062e-01	0	1.000000e+00	1.000000e-01	217284033	8.714638e-06	
2.199688e+07	0	3.545101e-05	14	4.220173e-07	2.712169e-05	151	1.097976e-05	
2.206077e+07	1	9.881606e-02	0	1.000000e+00	1.000000e-01	150	1.097976e-05	
2.219349e+07	1	3.115924e-05	8	1.201300e-06	3.843768e-05	130	1.097976e-05	
2.224254e+07	0	3.872016e-05	1	6.873837e-07	3.191095e-05	2215785330	8.714638e-06	
2.241946e+07	1	1.000065e-01	0	1.000000e+00	1.000000e-01	2215785330	8.714638e-06	
2.252876e+07	1	3.662067e-05	9	1.359009e-06	4.005107e-05	2999719241	8.714638e-06	
2.255751e+07	1	9.997333e-02	0	1.000000e+00	1.000000e-01	47	1.097976e-05	
2.285472e+07	0	5.674751e-05	1	6.873837e-07	3.191095e-05	2	2.906452e-05	
2.292696e+07	2	3.919771e-05	1	1.078469e-06	3.708024e-05	2	2.906452e-05	3083352544	1.400000e-08	4198169764	1.428445e-08	821115011	1.428445e-08	2118016430	1.428445e-08	1945735688	1.428445e-08	4093093422	1.428445e-08	2842015324	1.428445e-08	1249238030	1.428445e-08	3214077756	1.428445e-08	
2.295221e+07	0	4.227444e-05	1	1.078469e-06	3.708024e-05	1945735688	8.773264e-06	
2.295655e+07	0	4.072968e-05	1	1.078469e-06	3.708024e-05	4093093422	8.773264e-06	
2.296459e+07	1	2.488571e-05	1	1.092754e-06	3.724324e-05	821115011	8.773264e-06	
2.297859e+07	1	2.651908e-05	1	1.107038e-06	3.740481e-05	1249238030	8.773264e-06	
2.299170e+07	1	2.743333e-05	1	1.121322e-06	3.756501e-05	2842015324	8.773264e-06	
2.304430e+07	0	4.533561e-05	1	1.121322e-06	3.756501e-05	2118016430	8.773264e-06	
2.306158e+07	1	1.853964e-05	1	1.135607e-06	3.772385e-05	2118016430	8.773264e-06	
2.308380e+07	0	4.456713e-05	1	1.135607e-06	3.772385e-05	4093093422	8.773264e-06	
2.314643e+07	1	2.144882e-05	1	1.149891e-06	3.788136e-05	4093093422	8.773264e-06	
2.316251e+07	1	3.262407e-05	1	1.163891e-06	3.803448e-05	3083352544	8.714638e-06	
2.329154e+07	1	4.476401e-05	1	1.178176e-06	3.818945e-05	1945735688	8.773264e-06	
2.345769e+07	1	3.983916e-05	9	1.373009e-06	4.018813e-05	1738909006	8.714638e-06	
2.358767e+07	2	2.012611e-05	1	1.186067e-06	3.827452e-05	127	1.625397e-05	879162223	1.658887e-08	3884425642	1.658887e-08	1149406307	1.658887e-08	3528332227	1.658887e-08	4004407106	1.658887e-08	
2.379700e+07	1	4.097984e-06	9	1.401009e-06	4.045948e-05	135	1.097976e-05	
2.384007e+07	0	1.947042e-05	119	2.800000e-08	1.097976e-05	3687573659	8.714638e-06	
2.394701e+07	0	4.277885e-05	1	1.186067e-06	3.827452e-05	4004407106	9.221727e-06	
2.429215e+07	0	4.798808e-05	9	1.401009e-06	4.045948e-05	2879167783	8.714638e-06	
2.472269e+07	0	3.941887e-05	1	1.186067e-06	3.827452e-05	879162223	9.221727e-06	
2.485026e+07	0	4.373977e-05	4	1.369255e-06	4.015147e-05	85	1.097976e-05	
2.491848e+07	1	9.970062e-02	0	1.000000e+00	1.000000e-01	138	1.097976e-05	
2.508089e+07	0	2.032125e-05	131	2.800000e-08	1.097976e-05	97	1.097976e-05	
2.532104e+07	1	2.382650e-05	1	1.202656e-06	3.845214e-05	3528332227	9.221727e-06	
2.566376e+07	1	3.309367e-05	1	1.219245e-06	3.862813e-05	879162223	9.221727e-06	
2.567074e+07	1	9.888433e-02	0	1.000000e+00	1.000000e-01	2328232000	8.714638e-06	
2.568378e+07	0	4.042064e-05	1	1.219245e-06	3.862813e-05	4004407106	9.221727e-06	
2.601143e+07	1	3.337237e-05	1	1.233245e-06	3.877542e-05	2151269300	8.714638e-06	
2.602654e+07	1	9.964254e-02	0	1.000000e+00	1.000000e-01	148	1.097976e-05	
2.654257e+07	1	9.976873e-02	0	1.000000e+00	1.000000e-01	142	1.097976e-05	
2.719001e+07	0	4.436348e-05	9	1.401009e-06	4.045948e-05	97	1.097976e-05	
2.721917e+07	1	9.994946e-02	0	1.000000e+00	1.000000e-01	154	1.097976e-05	
2.731276e+07	4	7.991816e-06	1149406307	1.658887e-08	8.714638e-06	72	8.714638e-06	451270221	1.400000e-08	
2.732237e+07	0	4.598779e-05	4	1.369255e-06	4.015147e-05	3687573659	8.714638e-06	
2.766824e+07	0	4.694953e-05	4	1.369255e-06	4.015147e-05	95	1.097976e-05	
2.769526e+07	0	1.905230e-05	103	2.800000e-08	1.097976e-05	4004407106	9.221727e-06	
2.797397e+07	3	1.495897e-05	103	1.400000e-08	8.714638e-06	57770090	8.714638e-06	3149440925	1.400000e-08	2250775120	1.400000e-08	
2.802146e+07	1	3.762489e-05	9	1.429009e-06	4.072724e-05	40	1.097976e-05	
2.829897e+07	1	2.561249e-05	4	1.383255e-06	4.028785e-05	1452489764	8.714638e-06	
2.859156e+07	1	3.956253e-05	4	1.397255e-06	4.042332e-05	2250775120	8.714638e-06	
2.883345e+07	1	1.756822e-05	4	1.425255e-06	4.069155e-05	97	1.097976e-05	
2.896074e+07	1	2.268379e-05	4	1.439255e-06	4.082435e-05	3149440925	8.714638e-06	
2.908406e+07	1	9.998779e-02	0	1.000000e+00	1.000000e-01	1412415798	8.714638e-06	
2.915042e+07	1	1.301740e-05	4	1.467255e-06	4.108739e-05	94	1.097976e-05	
2.930682e+07	0	4.026354e-05	1	1.233245e-06	3.877542e-05	4198169764	8.773264e-06	
2.940177e+07	1	2.997746e-05	1	1.249834e-06	3.894850e-05	1149406307	8.714638e-06	
2.944721e+07	1	9.909511e-02	0	1.000000e+00	1.000000e-01	53	8.714638e-06	
2.945244e+07	1	9.927086e-02	0	1.000000e+00	1.000000e-01	3687573659	8.714638e-06	
2.985245e+07	0	4.818635e-05	4	1.467255e-06	4.108739e-05	451270221	8.714638e-06	
3.036083e+07	1	3.506910e-05	4	1.482677e-06	4.123084e-05	3869596591	9.000244e-06	
3.054983e+07	0	4.613725e-05	1	1.249834e-06	3.894850e-05	67	8.714638e-06	
3.080700e+07	0	4.286526e-05	9	1.429009e-06	4.072724e-05	3147695692	8.919091e-06	
3.114497e+07	0	4.357055e-05	1	1.249834e-06	3.894850e-05	845665321	8.714638e-06	
3.136374e+07	1	3.822771e-05	8	1.215300e-06	3.858643e-05	2875471576	8.714638e-06	
3.148598e+07	1	3.290754e-05	4	1.510677e-06	4.148877e-05	95	1.097976e-05	
3.236085e+07	1	3.038378e-05	1	1.263834e-06	3.909339e-05	67	8.714638e-06	
3.318640e+07	1	9.723763e-02	0	1.000001e+00	1.000000e-01	1494850122	8.714638e-06	
3.368088e+07	0	1.516772e-05	845665321	1.400000e-08	8.714638e-06	103	8.714638e-06	
3.368088e+07	1	8.393813e-02	0	1.000001e+00	1.000000e-01	845665321	8.714638e-06	
3.382799e+07	1	9.968381e-02	0	1.000001e+00	1.000000e-01	690117576	8.714638e-06	
3.420368e+07	0	1.099949e-05	109	1.400000e-08	8.714638e-06	100	8.714638e-06	
3.424794e+07	1	9.907686e-02	0	1.000001e+00	1.000000e-01	3913511150	8.714638e-06	
3.490579e+07	1	2.922237e-05	9	1.443009e-06	4.085981e-05	109	8.714638e-06	
3.530739e+07	0	4.174983e-05	8	1.215300e-06	3.858643e-05	2879167783	8.714638e-06	
3.531294e+07	0	4.386905e-05	9	1.443009e-06	4.085981e-05	85	1.097976e-05	
3.544435e+07	0	4.716714e-05	9	1.443009e-06	4.085981e-05	2138100036	8.714638e-06	
3.598923e+07	0	1.618960e-05	4198169764	1.428445e-08	8.773264e-06	551137729	8.714638e-06	
3.612590e+07	1	9.971815e-02	0	1.000001e+00	1.000000e-01	3122982648	8.714638e-06	
3.645253e+07	1	9.847100e-02	0	1.000001e+00	1.000000e-01	1634407402	9.000244e-06	
3.672640e+07	1	7.435915e-06	1	1.291834e-06	3.937999e-05	119	1.097976e-05	
3.695937e+07	1	3.596797e-05	1	1.305834e-06	3.952173e-05	3330100144	8.714638e-06	
3.701154e+07	1	3.170663e-05	1	1.320118e-06	3.966532e-05	4198169764	8.773264e-06	
3.930616e+07	0	4.035104e-05	8	1.215300e-06	3.858643e-05	134	8.714638e-06	
3.931697e+07	1	9.528150e-02	0	1.000001e+00	1.000000e-01	134	8.714638e-06	
4.135507e+07	4	6.409910e-06	139	1.400000e-08	8.714638e-06	84	1.097976e-05	1130108289	1.400000e-08	2177968201	1.400000e-08	2914302410	1.400000e-08	
4.192609e+07	0	4.398155e-05	4	1.510677e-06	4.148877e-05	3147695692	8.919091e-06	
4.274271e+07	1	2.984006e-05	1	1.336707e-06	3.983078e-05	3884425642	9.221727e-06	
4.277531e+07	0	4.892409e-05	9	1.443009e-06	4.085981e-05	2029773149	9.503061e-06	
4.281573e+07	1	9.993202e-02	0	1.000001e+00	1.000000e-01	102	1.097976e-05	
4.366813e+07	0	1.627535e-05	128	2.800000e-08	1.097976e-05	1804212609	8.714638e-06	
4.380224e+07	1	9.851193e-02	0	1.000001e+00	1.000000e-01	1471982444	8.714638e-06	
4.421041e+07	1	2.541013e-05	14	4.500173e-07	2.770872e-05	107	1.097976e-05	
4.498365e+07	0	4.742266e-05	9	1.443009e-06	4.085981e-05	143	1.097976e-05	
4.577187e+07	1	9.985380e-02	0	1.000001e+00	1.000000e-01	147	1.097976e-05	
4.638058e+07	1	3.660525e-05	1	1.350707e-06	3.996935e-05	3196256300	8.714638e-06	
4.660600e+07	1	9.970179e-02	0	1.000001e+00	1.000000e-01	139	8.714638e-06	
4.690371e+07	0	4.771804e-05	1	1.350707e-06	3.996935e-05	451270221	8.714638e-06	
4.752007e+07	1	2.093185e-05	4	1.524677e-06	4.161654e-05	2879167783	8.714638e-06	
4.846741e+07	1	1.281910e-05	4	1.538677e-06	4.174353e-05	551137729	8.714638e-06	
4.934097e+07	1	3.936627e-05	1	1.364707e-06	4.010697e-05	451270221	8.714638e-06	
4.967502e+07	1	9.978852e-02	0	1.000001e+00	1.000000e-01	91	1.097976e-05	
4.999743e+07	1	9.978481e-02	0	1.000001e+00	1.000000e-01	1726701215	8.714638e-06	
5.077780e+07	0	3.863818e-05	8	1.215300e-06	3.858643e-05	101	1.097976e-05	
5.128748e+07	1	1.353896e-05	14	4.640173e-07	2.799313e-05	87	8.714638e-06	
5.169115e+07	1	9.906802e-02	0	1.000001e+00	1.000000e-01	2138100036	8.714638e-06	
5.182297e+07	3	6.077687e-06	120	1.400000e-08	8.714638e-06	4004407106	9.221727e-06	3655816389	1.529443e-08	3485819286	1.529443e-08	
5.341377e+07	1	2.495545e-05	9	1.471009e-06	4.112240e-05	85	1.097976e-05	
5.408993e+07	3	1.410087e-05	131	1.400000e-08	8.714638e-06	101	1.097976e-05	1382686479	1.400000e-08	1803925302	1.400000e-08	3293059020	1.400000e-08	
5.475681e+07	0	4.704971e-05	1	1.364707e-06	4.010697e-05	3147695692	8.919091e-06	
5.549223e+07	1	9.869959e-02	0	1.000001e+00	1.000000e-01	356405251	8.714638e-06	
5.592047e+07	1	9.927143e-02	0	1.000001e+00	1.000000e-01	103	8.714638e-06	
5.754834e+07	0	4.903715e-05	4	1.538677e-06	4.174353e-05	100	8.714638e-06	
5.825251e+07	1	9.483426e-02	0	1.000001e+00	1.000000e-01	69	1.097976e-05	
5.921389e+07	1	9.934806e-02	0	1.000001e+00	1.000000e-01	120	8.714638e-06	
5.930965e+07	2	9.602005e-06	3375523036	1.478878e-08	8.714638e-06	3214077756	8.773264e-06	378125977	1.400000e-08	
5.977698e+07	1	9.988979e-02	0	1.000001e+00	1.000000e-01	2914302410	8.714638e-06	
5.984503e+07	1	9.963039e-02	0	1.000001e+00	1.000000e-01	3655816389	8.975345e-06	
6.294511e+07	1	9.954199e-02	0	1.000001e+00	1.000000e-01	3303338876	8.714638e-06	
6.315415e+07	1	9.903225e-02	0	1.000001e+00	1.000000e-01	1130108289	8.714638e-06	
6.380289e+07	0	4.517456e-05	9	1.471009e-06	4.112240e-05	2029773149	9.503061e-06	
6.385463e+07	1	3.375851e-05	8	1.243300e-06	3.888052e-05	151	1.097976e-05	
6.478165e+07	1	3.682935e-05	9	1.485009e-06	4.125244e-05	1382686479	8.714638e-06	
6.680747e+07	1	2.783375e-05	1	1.378707e-06	4.024365e-05	378125977	8.714638e-06	
6.764986e+07	1	9.923554e-02	0	1.000001e+00	1.000000e-01	129	1.043147e-05	
6.919747e+07	1	9.974257e-02	0	1.000001e+00	1.000000e-01	2029773149	9.503061e-06	
7.020416e+07	0	4.597537e-05	4	1.538677e-06	4.174353e-05	61	1.097976e-05	
7.099298e+07	1	2.957444e-05	4	1.555176e-06	4.189220e-05	1172086036	9.204980e-06	
7.121049e+07	1	2.739271e-05	4	1.569965e-06	4.202457e-05	3375523036	8.714638e-06	
7.210328e+07	0	4.457075e-05	4	1.569965e-06	4.202457e-05	56	1.097976e-05	
