6.226956e+03	1	4.932408e-06	70	5.600000e-08	1.383363e-05	67	1.097976e-05	
7.284586e+03	1	2.318937e-05	7	3.080000e-07	2.441876e-05	61	1.097976e-05	
1.626037e+04	1	5.905860e-06	4	3.080000e-07	2.441876e-05	41	1.097976e-05	
1.884669e+04	1	4.113011e-05	7	5.880000e-07	3.029231e-05	8	2.365517e-05	
2.863163e+04	1	1.409738e-05	4	3.360000e-07	2.513737e-05	57	1.097976e-05	
3.209988e+04	1	1.724627e-05	9	3.080000e-07	2.441876e-05	99	1.097976e-05	
3.342867e+04	1	9.898668e-06	16	5.600000e-08	1.383363e-05	15	1.097976e-05	
4.184993e+04	1	2.829171e-05	7	6.160000e-07	3.076571e-05	80	1.097976e-05	
4.720880e+04	1	1.997116e-05	5	3.080000e-07	2.441876e-05	81	1.097976e-05	
5.144417e+04	1	1.505710e-05	1	3.080000e-07	2.441876e-05	25	1.097976e-05	
5.207495e+04	1	1.229742e-05	6	3.080000e-07	2.441876e-05	83	1.097976e-05	
5.549547e+04	1	2.107972e-05	3	3.080000e-07	2.441876e-05	59	1.097976e-05	
6.228920e+04	1	2.085485e-06	34	5.600000e-08	1.383363e-05	29	1.097976e-05	
7.691722e+04	1	1.910755e-05	5	3.360000e-07	2.513737e-05	39	1.097976e-05	
9.402024e+04	0	1.432283e-05	82	2.800000e-08	1.097976e-05	54	1.097976e-05	
1.078229e+05	0	1.463779e-05	26	2.800000e-08	1.097976e-05	20	1.097976e-05	
1.183097e+05	1	7.131784e-06	1	3.360000e-07	2.513737e-05	20	1.097976e-05	
1.236636e+05	1	2.720737e-05	11	5.600000e-07	2.980364e-05	10	2.365517e-05	
1.335194e+05	0	1.775661e-05	22	2.800000e-08	1.097976e-05	18	1.097976e-05	
1.424209e+05	1	1.760287e-05	2	3.080000e-07	2.441876e-05	32	1.097976e-05	
1.755646e+05	3	1.238771e-06	28	1.400000e-08	8.714638e-06	24	1.097976e-05	3687573659	1.400000e-08	3196256300	1.400000e-08	848448836	1.400000e-08	
1.755646e+05	1	4.113575e-09	3196256300	2.800000e-08	1.097976e-05	3687573659	8.714638e-06	
1.952709e+05	0	2.665449e-05	2	3.080000e-07	2.441876e-05	33	1.097976e-05	
2.036270e+05	1	6.008456e-06	3	3.360000e-07	2.513737e-05	47	1.097976e-05	
2.114101e+05	1	1.408664e-05	7	6.440000e-07	3.122496e-05	63	1.097976e-05	
2.548781e+05	0	1.904514e-05	19	2.800000e-08	1.097976e-05	18	1.097976e-05	
2.611723e+05	1	2.937425e-05	11	5.880000e-07	3.029231e-05	43	1.097976e-05	
2.708800e+05	2	7.830798e-06	79	3.038839e-08	1.128347e-05	54	1.097976e-05	2211003714	2.561161e-08	
2.941817e+05	0	1.831941e-05	70	5.600000e-08	1.383363e-05	116	1.097976e-05	
3.059878e+05	1	1.078937e-05	4	3.640000e-07	2.581708e-05	87	1.097976e-05	
3.092220e+05	0	2.934972e-05	1	3.360000e-07	2.513737e-05	22	1.097976e-05	
3.241280e+05	0	1.464662e-05	30	2.800000e-08	1.097976e-05	23	1.097976e-05	
4.010793e+05	0	3.523740e-05	1	3.360000e-07	2.513737e-05	27	1.097976e-05	
4.150822e+05	2	8.800988e-06	22	3.929682e-08	1.229304e-05	21	1.097976e-05	2916276788	1.670318e-08	
4.512817e+05	0	2.870991e-05	14	2.800000e-07	2.365517e-05	137	1.097976e-05	
4.739196e+05	1	1.609696e-05	134	5.600000e-08	1.383363e-05	120	1.097976e-05	
5.025817e+05	1	9.507958e-06	14	3.080000e-07	2.441876e-05	133	1.097976e-05	
5.408440e+05	2	2.804939e-06	106	3.125072e-08	1.138920e-05	100	1.097976e-05	3696193412	2.474928e-08	
5.557826e+05	1	1.940258e-05	2	3.247032e-07	2.485243e-05	2916276788	9.242860e-06	
5.861810e+05	0	2.516359e-05	2	3.247032e-07	2.485243e-05	3196256300	1.097976e-05	
7.946776e+05	4	1.113997e-05	34	1.400000e-08	8.714638e-06	154	1.097976e-05	15308464	1.750000e-08	1239307652	1.750000e-08	1945448119	1.750000e-08	3396227953	1.750000e-08	
7.946776e+05	3	3.655617e-10	3396227953	1.959247e-08	8.997413e-06	1239307652	9.387559e-06	3321237907	1.540753e-08	
7.946776e+05	3	3.406390e-10	1945448119	1.959316e-08	8.997278e-06	15308464	9.387559e-06	3187199216	1.540684e-08	
7.946776e+05	1	1.111301e-10	1945448119	3.918564e-08	1.133579e-05	3396227953	8.997413e-06	
7.946776e+05	3	5.941166e-11	3321237907	1.681436e-08	8.714638e-06	3187199216	8.997278e-06	3330100144	1.400000e-08	
8.318323e+05	1	2.478317e-05	1	3.640000e-07	2.581708e-05	23	1.097976e-05	
8.324548e+05	4	7.753700e-06	36	1.400000e-08	8.714638e-06	35	1.097976e-05	310481256	1.400000e-08	817087088	1.400000e-08	551137729	1.400000e-08	
8.324548e+05	1	9.533159e-09	817087088	2.800000e-08	1.097976e-05	310481256	8.714638e-06	
8.324548e+05	1	8.820087e-09	817087088	4.200000e-08	1.256868e-05	551137729	8.714638e-06	
8.341514e+05	1	9.397583e-06	817087088	5.600000e-08	1.383363e-05	36	8.714638e-06	
8.352523e+05	0	1.851595e-05	1945448119	3.918564e-08	1.133579e-05	89	1.097976e-05	
9.035168e+05	1	2.072622e-05	2	3.527032e-07	2.554719e-05	3196256300	1.097976e-05	
1.020281e+06	1	4.271708e-06	7	6.720000e-07	3.167110e-05	38	1.097976e-05	
1.120665e+06	0	3.072481e-05	1	3.640000e-07	2.581708e-05	27	1.097976e-05	
1.123867e+06	1	4.579615e-05	9	6.160000e-07	3.076571e-05	6	2.441876e-05	
1.272361e+06	2	1.297015e-05	5	3.476119e-07	2.542367e-05	102	1.097976e-05	1218250404	1.638811e-08	
1.372121e+06	1	2.386976e-05	4	3.920000e-07	2.646277e-05	58	1.097976e-05	
1.476025e+06	1	3.692999e-05	9	1.008000e-06	3.625435e-05	4	2.646277e-05	
1.476085e+06	1	2.368260e-05	2	3.807032e-07	2.620609e-05	31	1.097976e-05	
1.522198e+06	0	1.907061e-05	33	2.800000e-08	1.097976e-05	18	1.097976e-05	
1.552592e+06	1	1.930675e-05	3	3.640000e-07	2.581708e-05	40	1.097976e-05	
1.669752e+06	0	3.542548e-05	3	3.640000e-07	2.581708e-05	73	1.097976e-05	
1.688199e+06	0	1.510902e-05	70	5.600000e-08	1.383363e-05	110	1.097976e-05	
1.720262e+06	1	5.477422e-05	9	1.355612e-06	4.001767e-05	5	2.542367e-05	
1.851719e+06	4	8.932315e-06	118	1.400000e-08	8.714638e-06	93	1.097976e-05	1035956119	1.400000e-08	1211996162	1.400000e-08	188552836	1.400000e-08	
1.851719e+06	1	2.640035e-10	1211996162	2.800000e-08	1.097976e-05	1035956119	8.714638e-06	
1.851719e+06	1	1.909269e-10	1211996162	4.200000e-08	1.256868e-05	188552836	8.714638e-06	
1.851949e+06	0	1.643267e-05	1211996162	4.200000e-08	1.256868e-05	118	8.714638e-06	
1.985346e+06	1	1.315984e-05	7	6.860000e-07	3.188952e-05	3330100144	8.714638e-06	
2.050784e+06	1	3.061936e-05	9	1.383612e-06	4.029131e-05	85	1.097976e-05	
2.091358e+06	1	3.229828e-05	2	4.087032e-07	2.683342e-05	26	1.097976e-05	
2.128258e+06	0	1.872371e-05	79	3.038839e-08	1.128347e-05	53	1.097976e-05	
2.306718e+06	3	8.161692e-06	3	3.589953e-07	2.569821e-05	89	1.097976e-05	2029773149	1.650237e-08	302486611	1.650237e-08	
2.378808e+06	0	3.557045e-05	7	6.860000e-07	3.188952e-05	3696193412	1.053726e-05	
2.387415e+06	1	1.581306e-05	2	4.367032e-07	2.743271e-05	33	1.097976e-05	
2.580075e+06	4	4.741821e-06	37	1.400000e-08	8.714638e-06	19	1.097976e-05	1842102965	1.400000e-08	1285693762	1.400000e-08	1078741991	1.400000e-08	
2.580075e+06	1	1.572132e-08	1285693762	2.800000e-08	1.097976e-05	1842102965	8.714638e-06	
2.580075e+06	1	1.326123e-08	1285693762	4.200000e-08	1.256868e-05	1078741991	8.714638e-06	
2.584585e+06	2	6.890394e-06	124	4.050449e-08	1.241770e-05	65	1.097976e-05	2723643411	1.549551e-08	
2.606855e+06	1	4.629083e-06	11	6.160000e-07	3.076571e-05	48	1.097976e-05	
2.612500e+06	0	1.833020e-05	30	2.800000e-08	1.097976e-05	17	1.097976e-05	
2.628416e+06	3	1.118096e-05	68	2.475809e-08	9.753943e-06	1218250404	9.184375e-06	1804212609	1.963001e-08	
2.700116e+06	1	1.034048e-05	11	6.440000e-07	3.122496e-05	137	1.097976e-05	
2.862773e+06	1	3.329358e-05	9	1.411612e-06	4.056129e-05	82	1.097976e-05	
2.952641e+06	3	1.727646e-05	1	3.630235e-07	2.579397e-05	16	1.383363e-05	438292632	1.424413e-08	2001290253	1.424413e-08	3147695692	1.424413e-08	3179285865	1.424413e-08	
2.956472e+06	1	1.604489e-05	1	3.772676e-07	2.612702e-05	2001290253	8.765001e-06	
2.964211e+06	1	6.897092e-06	3179285865	2.848826e-08	1.104321e-05	3147695692	8.765001e-06	
2.968991e+06	1	8.280826e-06	1	3.915117e-07	2.645178e-05	438292632	8.765001e-06	
3.201192e+06	0	1.826402e-05	1285693762	4.200000e-08	1.256868e-05	28	8.714638e-06	
3.586665e+06	1	2.713048e-05	7	7.140000e-07	3.231762e-05	66	1.097976e-05	
3.706957e+06	0	3.203707e-05	1	3.915117e-07	2.645178e-05	28	8.714638e-06	
3.722277e+06	1	2.989075e-05	11	6.720000e-07	3.167110e-05	50	1.097976e-05	
3.823130e+06	0	3.004112e-05	12	2.800000e-07	2.365517e-05	75	1.097976e-05	
3.873479e+06	1	2.076641e-05	11	7.000000e-07	3.210500e-05	53	1.097976e-05	
4.116676e+06	0	1.751552e-05	22	3.929682e-08	1.229304e-05	3179285865	1.104321e-05	
4.116676e+06	0	1.740040e-05	22	3.929682e-08	1.229304e-05	3179285865	1.104321e-05	
4.215022e+06	1	3.135439e-05	11	7.280000e-07	3.252748e-05	45	1.097976e-05	
4.354619e+06	4	9.104737e-06	3179285865	1.400000e-08	8.714638e-06	848448836	8.714638e-06	2173231515	1.424413e-08	740082705	1.424413e-08	
4.461773e+06	1	1.245467e-05	7	7.420000e-07	3.273467e-05	95	1.097976e-05	
4.551916e+06	3	7.957254e-06	22	1.400000e-08	8.714638e-06	28	8.714638e-06	2795063678	1.964841e-08	3642829293	1.964841e-08	
4.551916e+06	1	6.338380e-07	3642829293	3.929682e-08	1.229304e-05	2795063678	9.756989e-06	
4.558523e+06	1	2.105227e-05	2	4.647032e-07	2.800691e-05	18	1.097976e-05	
4.566923e+06	0	1.807971e-05	76	2.800000e-08	1.097976e-05	42	1.097976e-05	
4.781179e+06	0	3.174308e-05	12	2.800000e-07	2.365517e-05	103	1.097976e-05	
4.886990e+06	1	2.360098e-05	1	4.055117e-07	2.676339e-05	22	8.714638e-06	
4.903132e+06	1	3.108156e-05	9	1.439612e-06	4.082772e-05	119	1.097976e-05	
4.980873e+06	2	2.102584e-05	1	4.163589e-07	2.699993e-05	17	1.097976e-05	2707128518	1.715282e-08	
5.056921e+06	3	1.240933e-05	91	1.951118e-08	9.734220e-06	75	1.097976e-05	474866315	1.824441e-08	1639799867	1.824441e-08	
5.164568e+06	0	3.206048e-05	1	4.163589e-07	2.699993e-05	2707128518	9.325065e-06	
5.174697e+06	3	9.992109e-06	125	1.400000e-08	8.714638e-06	111	1.097976e-05	1026028388	1.400000e-08	1128056158	1.400000e-08	2909632847	1.400000e-08	
5.174697e+06	1	5.517939e-10	1128056158	2.800000e-08	1.097976e-05	1026028388	8.714638e-06	
5.174697e+06	1	4.599403e-10	1128056158	4.200000e-08	1.256868e-05	2909632847	8.714638e-06	
5.176784e+06	1	1.534666e-05	1128056158	5.600000e-08	1.383363e-05	125	8.714638e-06	
5.202434e+06	3	1.322102e-05	2	4.514085e-07	2.773724e-05	3642829293	1.229304e-05	937177227	1.753050e-08	3393811039	1.753050e-08	611212867	1.753050e-08	
5.245980e+06	3	1.407084e-05	112	1.400000e-08	8.714638e-06	103	1.097976e-05	1104410542	1.400000e-08	2328232000	1.400000e-08	2999719241	1.400000e-08	
5.245980e+06	1	2.135825e-09	2999719241	2.800000e-08	1.097976e-05	2328232000	8.714638e-06	
5.245980e+06	1	1.837424e-09	2999719241	4.200000e-08	1.256868e-05	1104410542	8.714638e-06	
5.531073e+06	1	2.494364e-05	11	7.560000e-07	3.293927e-05	130	1.097976e-05	
5.759055e+06	1	2.563891e-05	1	4.338894e-07	2.737367e-05	3393811039	9.393010e-06	
5.899929e+06	3	9.573692e-06	97	1.400000e-08	8.714638e-06	68	9.753943e-06	1931993247	1.937905e-08	1494850122	1.937905e-08	
5.899929e+06	1	2.033947e-08	1494850122	3.875809e-08	1.223660e-05	1931993247	9.712197e-06	
6.196183e+06	1	3.973434e-06	11	7.840000e-07	3.334101e-05	90	1.097976e-05	
6.233765e+06	1	2.236015e-05	1	4.478894e-07	2.766497e-05	3179285865	8.714638e-06	
6.290014e+06	1	2.612091e-05	14	5.880000e-07	3.029231e-05	12	2.365517e-05	
6.470202e+06	1	1.115385e-05	1	4.650422e-07	2.801372e-05	2707128518	9.325065e-06	
6.620686e+06	1	2.274381e-05	3	3.729953e-07	2.602802e-05	37	8.714638e-06	
6.758844e+06	4	1.018260e-05	1945448119	1.400000e-08	8.043634e-06	937177227	9.393010e-06	3414514926	1.423871e-08	2312786130	1.423871e-08	3537925318	1.423871e-08	
6.758844e+06	1	5.693960e-09	2312786130	2.847743e-08	1.019162e-05	3414514926	8.089094e-06	
6.758844e+06	1	4.726260e-09	2312786130	4.271614e-08	1.166649e-05	3537925318	8.089094e-06	
6.838914e+06	0	4.154396e-05	11	7.840000e-07	3.334101e-05	55	1.097976e-05	
6.935878e+06	3	1.962765e-05	2	4.468070e-07	2.764267e-05	2312786130	1.166649e-05	1634407402	1.577253e-08	3869596591	1.577253e-08	3375523036	1.577253e-08	
7.084263e+06	0	3.104994e-05	3	3.729953e-07	2.602802e-05	3375523036	9.067908e-06	
7.100989e+06	3	1.158744e-05	132	1.400000e-08	8.714638e-06	92	1.097976e-05	772925454	1.400000e-08	2215785330	1.400000e-08	3491092596	1.400000e-08	
7.100989e+06	1	1.495339e-08	3491092596	2.800000e-08	1.097976e-05	772925454	8.714638e-06	
7.100989e+06	1	1.305720e-08	3491092596	4.200000e-08	1.256868e-05	2215785330	8.714638e-06	
7.168903e+06	3	1.310959e-05	27	1.400000e-08	8.714638e-06	1634407402	9.067908e-06	57770090	1.488626e-08	3071577057	1.488626e-08	
7.331625e+06	0	2.092009e-05	74	2.800000e-08	1.097976e-05	56	1.097976e-05	
7.357310e+06	4	9.819569e-06	1285693762	1.400000e-08	8.714638e-06	132	8.714638e-06	1452489764	1.400000e-08	4260098875	1.400000e-08	3696843781	1.400000e-08	
7.357310e+06	1	3.667048e-09	3696843781	2.800000e-08	1.097976e-05	4260098875	8.714638e-06	
7.357310e+06	1	1.811132e-09	3696843781	4.200000e-08	1.256868e-05	1452489764	8.714638e-06	
7.377979e+06	0	1.644881e-05	2173231515	1.424413e-08	8.765001e-06	1945448119	8.043634e-06	
7.490141e+06	2	2.036900e-05	3	3.975677e-07	2.658747e-05	3696843781	1.256868e-05	2138100036	1.742758e-08	
7.626761e+06	0	1.835008e-05	113	2.800000e-08	1.097976e-05	60	1.097976e-05	
7.641023e+06	0	2.797892e-05	2	4.468070e-07	2.764267e-05	3696193412	1.053726e-05	
8.133789e+06	1	2.602002e-05	11	8.120000e-07	3.373329e-05	148	1.097976e-05	
8.153216e+06	3	1.275434e-05	114	1.400000e-08	8.714638e-06	27	8.714638e-06	1726701215	1.400000e-08	1412415798	1.400000e-08	
8.358135e+06	0	1.865173e-05	142	2.800000e-08	1.097976e-05	131	1.097976e-05	
8.375456e+06	1	2.548751e-05	2	4.616933e-07	2.794631e-05	3071577057	8.894781e-06	
8.459125e+06	0	3.562016e-05	11	8.120000e-07	3.373329e-05	56	1.097976e-05	
8.494687e+06	1	2.487365e-05	7	7.560000e-07	3.293927e-05	118	8.714638e-06	
8.495963e+06	4	5.485545e-06	1285693762	1.400000e-08	8.714638e-06	34	8.714638e-06	375852842	1.400000e-08	
9.075920e+06	0	2.812569e-05	3	3.975677e-07	2.658747e-05	1412415798	8.714638e-06	
9.117732e+06	1	3.381909e-05	9	1.481612e-06	4.122097e-05	1211996162	1.256868e-05	
9.220022e+06	1	9.971545e-02	0	1.000000e+00	1.000000e-01	153	1.097976e-05	
9.470891e+06	1	2.277571e-05	1	4.792864e-07	2.829687e-05	740082705	8.765001e-06	
9.569289e+06	1	2.138962e-05	2	4.765796e-07	2.824350e-05	57770090	8.894781e-06	
9.609958e+06	1	8.810580e-06	2	4.905796e-07	2.851739e-05	1726701215	8.714638e-06	
9.627588e+06	1	9.841895e-02	0	1.000000e+00	1.000000e-01	142	1.097976e-05	
9.713999e+06	1	3.744090e-05	9	1.509612e-06	4.147902e-05	73	1.097976e-05	
9.906770e+06	2	6.297409e-06	1494850122	4.436735e-08	1.280053e-05	78	1.097976e-05	3593732192	2.239074e-08	
1.000663e+07	0	3.662963e-05	7	7.560000e-07	3.293927e-05	44	1.097976e-05	
1.004773e+07	1	2.637539e-05	11	8.285024e-07	3.396028e-05	302486611	9.205670e-06	
1.209244e+07	4	6.364051e-06	3491092596	1.400000e-08	8.714638e-06	69	1.097976e-05	3888264012	1.866667e-08	313359544	1.866667e-08	217284033	1.866667e-08	
1.209244e+07	1	3.650731e-09	217284033	3.733333e-08	1.208478e-05	313359544	9.591700e-06	
1.209244e+07	1	3.159818e-09	217284033	5.600000e-08	1.383363e-05	3888264012	9.591700e-06	
1.254834e+07	3	1.315194e-05	122	1.400000e-08	8.714638e-06	1639799867	9.518824e-06	2151269300	1.612221e-08	3913511150	1.612221e-08	
1.254834e+07	1	6.012249e-07	3913511150	3.224441e-08	1.150866e-05	2151269300	9.134431e-06	
1.262052e+07	1	5.791847e-06	2	5.063521e-07	2.881979e-05	3869596591	9.067908e-06	
1.272006e+07	2	3.166554e-05	2	8.012848e-07	3.358425e-05	1	2.829687e-05	2962530363	1.400000e-08	2063946235	1.419614e-08	1172086036	1.419614e-08	690117576	1.419614e-08	3288380490	1.419614e-08	845665321	1.419614e-08	3122982648	1.419614e-08	1471982444	1.419614e-08	3303338876	1.419614e-08	2875471576	1.419614e-08	1738909006	1.419614e-08	356405251	1.419614e-08	2879167783	1.419614e-08	
1.272006e+07	1	2.492332e-05	2	8.154809e-07	3.378142e-05	1738909006	8.755147e-06	
1.272240e+07	1	8.169871e-06	2	8.296771e-07	3.397632e-05	2063946235	8.755147e-06	
1.273149e+07	1	2.913654e-05	2	8.438732e-07	3.416901e-05	1471982444	8.755147e-06	
1.275542e+07	1	2.760669e-05	2	8.580693e-07	3.435955e-05	1172086036	8.755147e-06	
1.278082e+07	3	6.874609e-06	3303338876	1.439228e-08	8.714638e-06	690117576	8.755147e-06	3083352544	1.400000e-08	
1.279377e+07	1	2.799521e-05	2	8.722655e-07	3.454800e-05	2879167783	8.755147e-06	
1.279713e+07	1	1.068152e-05	2	8.864616e-07	3.473441e-05	356405251	8.755147e-06	
1.291868e+07	1	1.751243e-05	11	8.481324e-07	3.422640e-05	1804212609	9.753943e-06	
1.296604e+07	1	9.877146e-02	0	1.000000e+00	1.000000e-01	136	1.097976e-05	
1.299757e+07	0	4.137899e-05	2	8.864616e-07	3.473441e-05	3122982648	8.755147e-06	
1.300232e+07	3	1.022034e-05	30	1.400000e-08	8.714638e-06	2875471576	8.755147e-06	4198169764	1.409807e-08	821115011	1.409807e-08	
1.300235e+07	1	1.371862e-05	4198169764	2.809807e-08	1.099256e-05	30	8.714638e-06	
1.306815e+07	3	2.798521e-06	4198169764	1.400000e-08	8.714638e-06	375852842	8.714638e-06	2118016430	1.404904e-08	1945735688	1.404904e-08	
1.320418e+07	1	3.172836e-05	2	9.006578e-07	3.491885e-05	3122982648	8.755147e-06	
1.338759e+07	1	2.238089e-05	2	9.148539e-07	3.510136e-05	845665321	8.755147e-06	
1.341636e+07	1	2.144637e-05	2	9.288539e-07	3.527950e-05	1945448119	8.043634e-06	
1.358955e+07	0	1.100550e-05	1945735688	1.404904e-08	8.724800e-06	2962530363	8.714638e-06	
1.368245e+07	2	2.732237e-06	2	9.415716e-07	3.543979e-05	79	1.128347e-05	4093093422	1.767074e-08	
1.376614e+07	4	8.431724e-06	70	1.400000e-08	8.714638e-06	126	1.097976e-05	2842015324	1.750000e-08	1249238030	1.750000e-08	3214077756	1.750000e-08	879162223	1.750000e-08	
1.376614e+07	1	3.706007e-10	1249238030	3.500000e-08	1.182758e-05	2842015324	9.387559e-06	
1.376614e+07	1	3.708164e-10	879162223	3.500000e-08	1.182758e-05	3214077756	9.387559e-06	
1.376614e+07	1	4.602840e-10	879162223	7.000000e-08	1.490182e-05	1249238030	1.182758e-05	
1.404155e+07	1	2.472189e-05	2	9.559639e-07	3.561945e-05	3303338876	8.714638e-06	
1.414257e+07	0	4.340963e-05	2	9.559639e-07	3.561945e-05	4093093422	9.417990e-06	
1.424094e+07	1	9.954668e-02	0	1.000000e+00	1.000000e-01	140	1.097976e-05	
1.438316e+07	1	3.331550e-05	2	9.736346e-07	3.583758e-05	4093093422	9.417990e-06	
1.460493e+07	1	1.140737e-05	7	7.714955e-07	3.316280e-05	2723643411	9.014506e-06	
1.504167e+07	1	9.997626e-02	0	1.000000e+00	1.000000e-01	2173231515	8.765001e-06	
1.519733e+07	1	3.403355e-05	2	9.876836e-07	3.600913e-05	1945735688	8.724800e-06	
1.524681e+07	1	2.727348e-05	2	1.003456e-06	3.619980e-05	3375523036	9.067908e-06	
1.551258e+07	1	2.667539e-05	9	1.523612e-06	4.160685e-05	122	8.714638e-06	
1.609139e+07	2	5.799515e-05	9	2.334701e-06	4.796787e-05	11	3.422640e-05	3884425642	1.400000e-08	1149406307	2.304308e-08	
1.618901e+07	0	3.729147e-05	2	1.003456e-06	3.619980e-05	3083352544	8.714638e-06	
1.696348e+07	1	1.297782e-05	2	1.020884e-06	3.640816e-05	2138100036	9.374592e-06	
1.720966e+07	1	3.483227e-05	2	1.034884e-06	3.657384e-05	114	8.714638e-06	
1.804734e+07	1	9.905619e-02	0	1.000000e+00	1.000000e-01	98	1.097976e-05	
1.825412e+07	1	4.265410e-05	9	2.362701e-06	4.815887e-05	76	1.097976e-05	
1.842881e+07	3	1.491990e-05	611212867	1.753050e-08	8.714638e-06	2962530363	8.714638e-06	3528332227	1.400000e-08	
1.864611e+07	3	1.197745e-05	817087088	3.034630e-08	1.127826e-05	113	1.097976e-05	4004407106	1.788457e-08	451270221	1.788457e-08	3149440925	1.788457e-08	
1.864611e+07	1	1.177863e-08	3149440925	3.576913e-08	1.191359e-05	4004407106	9.455826e-06	
1.864611e+07	1	1.018044e-08	3149440925	5.365370e-08	1.363766e-05	451270221	9.455826e-06	
1.870380e+07	3	1.630583e-05	817087088	1.400000e-08	8.714638e-06	3288380490	8.755147e-06	2250775120	1.527122e-08	1130108289	1.527122e-08	
1.880380e+07	1	9.913662e-02	0	1.000000e+00	1.000000e-01	151	1.097976e-05	
1.889188e+07	0	3.484466e-05	7	7.714955e-07	3.316280e-05	1285693762	8.714638e-06	
1.897005e+07	1	9.861974e-02	0	1.000000e+00	1.000000e-01	1285693762	8.714638e-06	
1.920025e+07	1	3.451934e-05	2	1.048884e-06	3.673802e-05	3528332227	8.714638e-06	
1.932472e+07	0	1.287796e-05	3491092596	1.400000e-08	8.714638e-06	817087088	8.714638e-06	
1.996496e+07	0	2.862080e-05	3	3.975677e-07	2.658747e-05	141	1.097976e-05	
2.011877e+07	1	9.800870e-02	0	1.000000e+00	1.000000e-01	138	1.097976e-05	
2.023069e+07	1	9.913603e-02	0	1.000000e+00	1.000000e-01	141	1.097976e-05	
2.074292e+07	0	3.710848e-05	2	1.048884e-06	3.673802e-05	3149440925	1.363766e-05	
2.118041e+07	0	3.852206e-05	7	7.714955e-07	3.316280e-05	106	1.138920e-05	
2.125747e+07	4	9.592721e-06	217284033	1.400000e-08	8.714638e-06	2118016430	8.724800e-06	2177968201	1.401226e-08	2914302410	1.401226e-08	3655816389	1.401226e-08	3485819286	1.401226e-08	
2.157369e+07	3	1.991055e-05	2	1.039565e-06	3.662890e-05	106	1.138920e-05	1382686479	2.028455e-08	1803925302	2.028455e-08	
2.157914e+07	1	1.891974e-05	2	1.059850e-06	3.686561e-05	1803925302	9.861171e-06	
2.159370e+07	1	1.880024e-05	2	1.080134e-06	3.709932e-05	1382686479	9.861171e-06	
2.162661e+07	1	9.988594e-02	0	1.000000e+00	1.000000e-01	3149440925	1.363766e-05	
2.165469e+07	4	6.643436e-06	217284033	1.400000e-08	8.714638e-06	70	8.714638e-06	3293059020	1.400000e-08	
2.165469e+07	4	6.643436e-06	3913511150	1.400000e-08	8.714638e-06	71	1.097976e-05	378125977	1.541480e-08	2159618959	1.541480e-08	2441325815	1.541480e-08	
2.165534e+07	1	8.974868e-02	0	1.000000e+00	1.000000e-01	134	1.383363e-05	
2.165547e+07	1	2.026020e-02	0	1.000000e+00	1.000000e-01	86	1.097976e-05	
2.165548e+07	1	8.623152e-02	0	1.000000e+00	1.000000e-01	150	1.097976e-05	
2.165557e+07	1	9.707422e-02	0	1.000000e+00	1.000000e-01	107	1.097976e-05	
2.165557e+07	1	9.316676e-02	0	1.000000e+00	1.000000e-01	3491092596	8.714638e-06	
2.165582e+07	1	9.460397e-02	0	1.000000e+00	1.000000e-01	52	1.097976e-05	
2.165589e+07	1	9.511174e-02	0	1.000001e+00	1.000000e-01	13	2.365517e-05	
2.165607e+07	1	8.383190e-02	0	1.000001e+00	1.000000e-01	3	2.658747e-05	
2.165615e+07	1	9.864291e-02	0	1.000001e+00	1.000000e-01	64	1.097976e-05	
2.165617e+07	1	9.749705e-02	0	1.000001e+00	1.000000e-01	127	1.097976e-05	
2.165625e+07	1	9.758733e-02	0	1.000001e+00	1.000000e-01	129	1.097976e-05	
2.165631e+07	1	9.643049e-02	0	1.000001e+00	1.000000e-01	77	1.097976e-05	
2.165632e+07	1	8.822179e-02	0	1.000001e+00	1.000000e-01	3884425642	8.714638e-06	
2.165634e+07	1	9.907422e-02	0	1.000001e+00	1.000000e-01	3696193412	1.053726e-05	
2.165655e+07	1	9.683722e-02	0	1.000002e+00	1.000001e-01	14	3.029231e-05	
2.165658e+07	1	9.830315e-02	0	1.000002e+00	1.000001e-01	123	1.097976e-05	
2.165658e+07	1	9.960889e-02	0	1.000002e+00	1.000001e-01	217284033	8.714638e-06	
2.165659e+07	1	8.978582e-02	0	1.000002e+00	1.000001e-01	144	1.097976e-05	
2.165677e+07	1	9.807026e-02	0	1.000002e+00	1.000001e-01	97	8.714638e-06	
2.165686e+07	1	9.649348e-02	0	1.000002e+00	1.000001e-01	72	1.097976e-05	
2.165715e+07	1	8.799683e-02	0	1.000002e+00	1.000001e-01	1494850122	1.280053e-05	
2.165722e+07	1	9.683393e-02	0	1.000002e+00	1.000001e-01	94	1.097976e-05	
2.165728e+07	1	9.595621e-02	0	1.000002e+00	1.000001e-01	152	1.097976e-05	
2.165792e+07	1	9.510673e-02	0	1.000002e+00	1.000001e-01	84	1.097976e-05	
2.165793e+07	1	9.931171e-02	0	1.000002e+00	1.000001e-01	51	1.097976e-05	
2.165855e+07	1	9.511989e-02	0	1.000002e+00	1.000001e-01	49	1.097976e-05	
2.165877e+07	1	9.926050e-02	0	1.000002e+00	1.000001e-01	62	1.097976e-05	
2.165900e+07	1	9.498601e-02	0	1.000002e+00	1.000001e-01	108	1.097976e-05	
2.165907e+07	1	9.836316e-02	0	1.000002e+00	1.000001e-01	46	1.097976e-05	
2.165964e+07	1	9.589386e-02	0	1.000002e+00	1.000001e-01	74	1.097976e-05	
2.166027e+07	1	9.673972e-02	0	1.000002e+00	1.000001e-01	139	1.097976e-05	
2.166228e+07	1	9.720508e-02	0	1.000002e+00	1.000001e-01	817087088	8.714638e-06	
2.166324e+07	1	9.589497e-02	0	1.000002e+00	1.000001e-01	135	1.097976e-05	
2.166347e+07	1	8.584555e-02	0	1.000002e+00	1.000001e-01	96	1.097976e-05	
2.166394e+07	1	9.524742e-02	0	1.000002e+00	1.000001e-01	147	1.097976e-05	
2.166468e+07	1	9.146716e-02	0	1.000002e+00	1.000001e-01	116	1.097976e-05	
2.166517e+07	1	9.980014e-02	0	1.000002e+00	1.000001e-01	2177968201	8.717181e-06	
2.166606e+07	1	9.675661e-02	0	1.000003e+00	1.000001e-01	1128056158	1.383363e-05	
2.167240e+07	1	9.941593e-02	0	1.000003e+00	1.000001e-01	91	9.734220e-06	
2.167439e+07	1	9.786746e-02	0	1.000003e+00	1.000001e-01	611212867	8.714638e-06	
2.167516e+07	1	9.923316e-02	0	1.000003e+00	1.000001e-01	44	1.097976e-05	
2.167525e+07	1	8.415939e-02	0	1.000003e+00	1.000001e-01	3321237907	8.714638e-06	
2.167648e+07	1	3.238630e-04	1068020906	9.543405e-04	3.559927e-04	124	1.241770e-05	
2.167736e+07	1	9.620511e-02	0	1.000003e+00	1.000001e-01	104	1.097976e-05	
2.167845e+07	1	8.415080e-02	0	1.000003e+00	1.000001e-01	121	1.097976e-05	
2.168254e+07	1	9.998578e-02	0	1.000003e+00	1.000001e-01	821115011	8.734939e-06	
2.168677e+07	1	9.518999e-02	0	1.000003e+00	1.000001e-01	149	1.097976e-05	
2.168686e+07	1	8.411618e-02	0	1.000003e+00	1.000001e-01	131	1.097976e-05	
2.169540e+07	1	9.805811e-02	0	1.000003e+00	1.000001e-01	146	1.097976e-05	
2.171611e+07	1	9.594845e-02	0	1.000003e+00	1.000001e-01	3593732192	1.019130e-05	
2.171704e+07	1	9.594629e-02	0	1.000003e+00	1.000001e-01	2029773149	9.205670e-06	
2.172741e+07	1	8.780520e-02	0	1.000003e+00	1.000001e-01	105	1.097976e-05	
2.173580e+07	1	9.521180e-02	0	1.000003e+00	1.000001e-01	2250775120	8.970802e-06	
2.174733e+07	1	9.983226e-02	0	1.000003e+00	1.000001e-01	2441325815	8.998829e-06	
2.176015e+07	1	9.754215e-02	0	1.000003e+00	1.000001e-01	143	1.097976e-05	
2.176167e+07	1	9.727845e-02	0	1.000003e+00	1.000001e-01	145	1.097976e-05	
2.177785e+07	1	9.923340e-02	0	1.000003e+00	1.000001e-01	1149406307	1.028932e-05	
2.178075e+07	1	9.917766e-02	0	1.000003e+00	1.000001e-01	112	8.714638e-06	
2.191151e+07	1	9.990592e-02	0	1.000003e+00	1.000001e-01	3913511150	8.714638e-06	
2.192259e+07	1	9.948574e-02	0	1.000003e+00	1.000001e-01	56	1.097976e-05	
2.192384e+07	1	9.979819e-02	0	1.000003e+00	1.000001e-01	4198169764	8.714638e-06	
2.196145e+07	1	9.970444e-02	0	1.000003e+00	1.000001e-01	474866315	9.518824e-06	
2.207674e+07	1	9.995275e-02	0	1.000003e+00	1.000001e-01	378125977	8.998829e-06	
2.208506e+07	3	1.659648e-05	2	1.071486e-06	3.700004e-05	879162223	1.490182e-05	3401497744	1.572973e-08	4069401935	1.572973e-08	134948105	1.572973e-08	1998372786	1.572973e-08	2455922112	1.572973e-08	
2.208691e+07	1	2.606042e-05	2	1.087216e-06	3.718021e-05	1998372786	9.059700e-06	
2.217559e+07	1	9.980654e-02	0	1.000003e+00	1.000001e-01	3293059020	8.714638e-06	
2.217849e+07	1	9.988893e-02	0	1.000005e+00	1.000002e-01	9	4.815887e-05	
2.220734e+07	3	1.280080e-05	134948105	1.574199e-08	8.714638e-06	3655816389	8.717181e-06	3059103076	1.400000e-08	
2.222785e+07	1	9.992660e-02	0	1.000005e+00	1.000002e-01	1130108289	8.970802e-06	
2.246573e+07	1	9.979498e-02	0	1.000005e+00	1.000002e-01	4069401935	9.059700e-06	
2.255279e+07	1	9.955940e-02	0	1.000006e+00	1.000002e-01	2999719241	1.256868e-05	
2.270085e+07	1	9.988387e-02	0	1.000006e+00	1.000002e-01	42	1.097976e-05	
2.280609e+07	1	9.971924e-02	0	1.000006e+00	1.000002e-01	1412415798	8.714638e-06	
2.288667e+07	1	9.792642e-02	0	1.000006e+00	1.000002e-01	7	3.316280e-05	
2.307803e+07	1	9.994950e-02	0	1.000006e+00	1.000002e-01	134948105	8.714638e-06	
2.348993e+07	1	9.957381e-02	0	1.000006e+00	1.000002e-01	2455922112	9.059700e-06	
2.453198e+07	1	9.993588e-02	0	1.000006e+00	1.000002e-01	3485819286	8.717181e-06	
2.485197e+07	1	9.838142e-02	0	1.000006e+00	1.000002e-01	3059103076	8.714638e-06	
2.541340e+07	1	9.999015e-02	0	1.000006e+00	1.000002e-01	3401497744	9.059700e-06	
2.734341e+07	1	9.691593e-02	0	1.000006e+00	1.000002e-01	2914302410	8.717181e-06	
2.757706e+07	1	9.824858e-02	0	1.000006e+00	1.000002e-01	2159618959	8.998829e-06	
