3.008985e+02	1	2.379973e-05	6	3.080000e-07	2.441876e-05	73	1.097976e-05	
1.599467e+03	1	2.764825e-05	8	3.080000e-07	2.441876e-05	100	1.097976e-05	
1.699499e+03	1	1.798510e-05	4	3.080000e-07	2.441876e-05	44	1.097976e-05	
2.853194e+03	1	1.968541e-05	4	3.360000e-07	2.513737e-05	45	1.097976e-05	
3.606158e+03	1	9.946540e-06	6	3.360000e-07	2.513737e-05	77	1.097976e-05	
3.868904e+03	1	1.639621e-05	14	3.080000e-07	2.441876e-05	135	1.097976e-05	
4.772249e+03	1	1.559138e-05	8	3.360000e-07	2.513737e-05	91	1.097976e-05	
1.212230e+04	1	1.852691e-05	16	5.600000e-08	1.383363e-05	15	1.097976e-05	
1.599866e+04	1	9.692791e-06	13	3.080000e-07	2.441876e-05	111	1.097976e-05	
1.670463e+04	1	2.221045e-05	1	3.080000e-07	2.441876e-05	23	1.097976e-05	
2.817454e+04	1	1.464309e-05	8	3.640000e-07	2.581708e-05	76	1.097976e-05	
4.653674e+04	1	1.063338e-05	1	3.360000e-07	2.513737e-05	21	1.097976e-05	
5.186777e+04	0	1.838849e-05	29	2.800000e-08	1.097976e-05	26	1.097976e-05	
5.515514e+04	1	2.491756e-05	2	3.080000e-07	2.441876e-05	30	1.097976e-05	
6.454116e+04	0	1.311482e-05	43	2.800000e-08	1.097976e-05	41	1.097976e-05	
7.963767e+04	0	3.347085e-05	4	3.360000e-07	2.513737e-05	54	1.097976e-05	
8.490398e+04	1	3.441961e-05	1	3.640000e-07	2.581708e-05	26	1.097976e-05	
8.929253e+04	1	2.721449e-05	2	3.360000e-07	2.513737e-05	32	1.097976e-05	
9.041357e+04	0	2.986824e-05	9	2.800000e-07	2.365517e-05	59	1.097976e-05	
9.158048e+04	0	1.263523e-05	22	2.800000e-08	1.097976e-05	18	1.097976e-05	
1.062856e+05	1	1.049045e-05	16	8.400000e-08	1.583555e-05	17	1.097976e-05	
1.169335e+05	0	3.150989e-05	13	3.080000e-07	2.441876e-05	110	1.097976e-05	
1.330109e+05	2	3.747548e-06	5	4.759839e-07	2.823173e-05	3	2.365517e-05	3687573659	1.400268e-08	3196256300	1.400268e-08	848448836	1.400268e-08	2211003714	1.400268e-08	2916276788	1.400268e-08	3696193412	1.400268e-08	
1.341939e+05	1	2.950906e-05	8	6.440000e-07	3.122496e-05	12	2.365517e-05	
1.695755e+05	1	2.696952e-05	14	3.360000e-07	2.513737e-05	134	1.097976e-05	
1.932610e+05	1	6.225251e-06	10	3.080000e-07	2.441876e-05	85	1.097976e-05	
1.958642e+05	0	3.856346e-05	5	4.759839e-07	2.823173e-05	71	1.097976e-05	
2.171378e+05	0	3.265350e-05	4	3.360000e-07	2.513737e-05	53	1.097976e-05	
2.282297e+05	1	2.463447e-05	7	3.080000e-07	2.441876e-05	64	1.097976e-05	
2.894103e+05	1	4.013702e-05	8	9.240000e-07	3.521794e-05	11	2.365517e-05	
3.090931e+05	1	2.125258e-05	7	3.220027e-07	2.478334e-05	3696193412	8.715195e-06	
3.977055e+05	1	1.247855e-05	146	5.600000e-08	1.383363e-05	140	1.097976e-05	
4.033650e+05	1	2.451350e-05	10	3.360000e-07	2.513737e-05	92	1.097976e-05	
4.093322e+05	0	3.386407e-05	2	3.360000e-07	2.513737e-05	28	1.097976e-05	
4.253158e+05	0	1.781693e-05	84	2.800000e-08	1.097976e-05	48	1.097976e-05	
4.338092e+05	1	2.180672e-05	2	3.640000e-07	2.581708e-05	31	1.097976e-05	
5.280687e+05	0	2.068689e-05	46	2.800000e-08	1.097976e-05	34	1.097976e-05	
5.360770e+05	0	1.515607e-05	125	2.800000e-08	1.097976e-05	104	1.097976e-05	
5.864577e+05	1	3.260627e-05	14	3.640000e-07	2.581708e-05	130	1.097976e-05	
6.519155e+05	1	3.064903e-05	9	3.080000e-07	2.441876e-05	59	1.097976e-05	
6.850638e+05	1	5.146134e-06	1	3.920000e-07	2.646277e-05	20	1.097976e-05	
7.401534e+05	0	1.750433e-05	133	2.800000e-08	1.097976e-05	116	1.097976e-05	
7.433374e+05	0	1.925847e-05	81	2.800000e-08	1.097976e-05	78	1.097976e-05	
7.754830e+05	0	3.587296e-05	10	3.360000e-07	2.513737e-05	103	1.097976e-05	
7.867058e+05	1	2.416678e-05	5	5.039839e-07	2.877479e-05	42	1.097976e-05	
7.935490e+05	0	1.553973e-05	96	2.800000e-08	1.097976e-05	74	1.097976e-05	
8.073920e+05	0	2.811785e-05	2	3.640000e-07	2.581708e-05	36	1.097976e-05	
8.197409e+05	0	2.963141e-05	5	5.039839e-07	2.877479e-05	78	1.097976e-05	
8.431547e+05	1	2.547999e-05	1	4.200000e-07	2.707841e-05	19	1.097976e-05	
8.605467e+05	0	1.883519e-05	98	2.800000e-08	1.097976e-05	90	1.097976e-05	
9.826722e+05	3	1.189593e-05	40	1.400000e-08	8.714638e-06	33	1.097976e-05	15308464	1.400000e-08	1239307652	1.400000e-08	1945448119	1.400000e-08	
9.828954e+05	1	1.751640e-05	4	3.640000e-07	2.581708e-05	52	1.097976e-05	
9.841642e+05	1	9.954077e-02	0	1.000000e+00	1.000000e-01	153	1.097976e-05	
9.843399e+05	3	1.210234e-05	79	1.759944e-08	9.405307e-06	78	1.097976e-05	3396227953	1.920028e-08	3321237907	1.920028e-08	
1.045474e+06	0	1.125246e-05	81	2.800000e-08	1.097976e-05	38	1.097976e-05	
1.064857e+06	2	1.571320e-05	5	7.513408e-07	3.287146e-05	4	2.581708e-05	3187199216	1.458039e-08	3330100144	1.458039e-08	310481256	1.458039e-08	817087088	1.458039e-08	551137729	1.458039e-08	1218250404	1.458039e-08	1035956119	1.458039e-08	1211996162	1.458039e-08	
1.103410e+06	1	2.460214e-05	5	7.659212e-07	3.308273e-05	3330100144	8.833436e-06	
1.135836e+06	4	5.997398e-06	53	1.400000e-08	8.714638e-06	1945448119	8.714638e-06	188552836	1.400000e-08	2029773149	1.400000e-08	
1.159166e+06	1	2.711570e-05	5	7.805016e-07	3.329134e-05	3187199216	8.833436e-06	
1.193883e+06	1	2.149150e-05	6	3.640000e-07	2.581708e-05	82	1.097976e-05	
1.238475e+06	1	1.493873e-05	5	8.085016e-07	3.368477e-05	67	1.097976e-05	
1.274357e+06	4	4.738040e-06	95	1.400000e-08	8.714638e-06	68	1.097976e-05	302486611	1.400000e-08	1842102965	1.400000e-08	1285693762	1.400000e-08	
1.278451e+06	1	3.581684e-05	8	9.520000e-07	3.557015e-05	56	1.097976e-05	
1.289987e+06	0	3.269015e-05	1	4.200000e-07	2.707841e-05	25	1.097976e-05	
1.307021e+06	0	1.209547e-05	81	2.800000e-08	1.097976e-05	61	1.097976e-05	
1.374240e+06	0	1.651072e-05	110	2.800000e-08	1.097976e-05	53	8.714638e-06	
1.377279e+06	2	2.536045e-05	8	1.200334e-06	3.842738e-05	9	2.441876e-05	1078741991	1.491643e-08	2723643411	1.491643e-08	1804212609	1.491643e-08	438292632	1.491643e-08	
1.410718e+06	4	4.849969e-06	62	1.400000e-08	8.714638e-06	54	1.097976e-05	2001290253	1.400000e-08	3147695692	1.400000e-08	3179285865	1.400000e-08	
1.476173e+06	1	1.369602e-05	2	3.920000e-07	2.646277e-05	27	1.097976e-05	
1.513781e+06	1	2.396901e-05	1	4.480000e-07	2.766725e-05	22	1.097976e-05	
1.528415e+06	1	1.956270e-05	13	3.360000e-07	2.513737e-05	138	1.097976e-05	
1.555948e+06	0	2.929897e-05	13	3.360000e-07	2.513737e-05	127	1.097976e-05	
1.559500e+06	3	7.656589e-06	71	1.400000e-08	8.714638e-06	1804212609	8.900785e-06	2173231515	1.445822e-08	740082705	1.445822e-08	
1.602181e+06	1	2.250312e-05	8	1.214915e-06	3.858234e-05	817087088	8.833436e-06	
1.617718e+06	0	3.272472e-05	13	3.360000e-07	2.513737e-05	129	1.097976e-05	
1.622130e+06	1	3.452306e-05	10	6.580027e-07	3.144966e-05	7	2.478334e-05	
1.633708e+06	0	3.029970e-05	2	3.920000e-07	2.646277e-05	25	1.097976e-05	
1.698380e+06	0	1.993683e-05	83	2.800000e-08	1.097976e-05	39	1.097976e-05	
1.765969e+06	1	3.606202e-05	8	1.242915e-06	3.887650e-05	98	1.097976e-05	
1.782077e+06	1	8.449434e-06	119	5.600000e-08	1.383363e-05	89	1.097976e-05	
1.932172e+06	1	2.749589e-05	1	4.625804e-07	2.796420e-05	1218250404	8.833436e-06	
1.960953e+06	1	3.113933e-05	5	8.365016e-07	3.406923e-05	69	1.097976e-05	
1.995145e+06	0	1.666910e-05	119	5.600000e-08	1.383363e-05	127	1.097976e-05	
2.038255e+06	1	1.786470e-05	5	8.541010e-07	3.430650e-05	79	9.405307e-06	
2.065321e+06	0	4.966779e-05	8	1.242915e-06	3.887650e-05	102	1.097976e-05	
2.065554e+06	4	1.215568e-06	102	1.400000e-08	8.714638e-06	2211003714	8.715195e-06	2795063678	1.400134e-08	3642829293	1.400134e-08	
2.086913e+06	1	1.879150e-05	1	4.905804e-07	2.851741e-05	24	1.097976e-05	
2.139301e+06	1	9.990584e-02	0	1.000000e+00	1.000000e-01	147	1.097976e-05	
2.176067e+06	4	9.017468e-06	84	1.400000e-08	8.714638e-06	48	1.097976e-05	2707128518	1.400000e-08	474866315	1.400000e-08	1639799867	1.400000e-08	
2.198716e+06	1	1.563100e-05	8	1.256915e-06	3.902192e-05	102	8.714638e-06	
2.218163e+06	3	1.447911e-05	25	2.508031e-08	9.282624e-06	1842102965	8.714638e-06	1026028388	1.691969e-08	
2.219631e+06	1	3.378879e-05	8	1.284915e-06	3.930955e-05	58	1.097976e-05	
2.225709e+06	0	3.589509e-05	5	8.541010e-07	3.430650e-05	87	1.097976e-05	
2.251427e+06	0	3.534845e-05	2	3.920000e-07	2.646277e-05	1026028388	9.282624e-06	
2.318441e+06	3	6.082362e-06	39	2.332890e-08	1.033169e-05	2173231515	8.808695e-06	1128056158	1.912931e-08	
2.345650e+06	0	4.201454e-05	5	8.541010e-07	3.430650e-05	55	1.097976e-05	
2.348514e+06	1	2.078609e-05	13	3.500000e-07	2.548176e-05	84	8.714638e-06	
2.353477e+06	0	1.715014e-05	57	2.800000e-08	1.097976e-05	55	1.097976e-05	
2.486188e+06	1	1.148544e-05	10	6.860027e-07	3.188957e-05	121	1.097976e-05	
2.490023e+06	1	1.601558e-05	2	4.060000e-07	2.677413e-05	15308464	8.714638e-06	
2.500644e+06	1	1.814802e-05	1	5.156607e-07	2.899533e-05	25	9.282624e-06	
2.703375e+06	1	2.723061e-05	5	8.821010e-07	3.467737e-05	66	1.097976e-05	
2.728186e+06	0	3.516920e-05	5	8.821010e-07	3.467737e-05	1239307652	8.714638e-06	
2.774160e+06	1	1.417466e-05	6	3.920000e-07	2.646277e-05	50	1.097976e-05	
2.774845e+06	2	2.854581e-05	8	1.599960e-06	4.229053e-05	6	2.646277e-05	2909632847	1.539084e-08	937177227	1.539084e-08	3393811039	1.539084e-08	611212867	1.539084e-08	1104410542	1.539084e-08	
2.810753e+06	1	3.313254e-05	8	1.627960e-06	4.253580e-05	43	1.097976e-05	
3.241428e+06	4	3.467706e-06	36	1.400000e-08	8.714638e-06	62	8.714638e-06	2328232000	1.400000e-08	2999719241	1.400000e-08	
3.351192e+06	1	3.722939e-05	10	7.140027e-07	3.231766e-05	90	1.097976e-05	
3.388155e+06	0	2.121931e-05	96	2.800000e-08	1.097976e-05	74	1.097976e-05	
3.560574e+06	0	1.532257e-05	132	2.800000e-08	1.097976e-05	551137729	8.833436e-06	
3.629538e+06	0	5.003187e-05	8	1.627960e-06	4.253580e-05	2707128518	8.714638e-06	
3.638341e+06	3	1.191568e-05	103	2.639571e-08	9.035552e-06	2999719241	8.714638e-06	1931993247	1.560429e-08	
3.735715e+06	1	1.644865e-05	5	9.084967e-07	3.501986e-05	103	9.035552e-06	
3.866935e+06	1	2.139173e-06	5	9.224967e-07	3.519883e-05	95	8.714638e-06	
3.959456e+06	0	3.887596e-05	1	5.156607e-07	2.899533e-05	18	1.097976e-05	
4.011211e+06	1	9.967205e-02	0	1.000000e+00	1.000000e-01	132	1.097976e-05	
4.229487e+06	1	3.113605e-05	10	7.420027e-07	3.273471e-05	65	1.097976e-05	
4.238934e+06	0	1.714829e-05	2707128518	1.400000e-08	8.714638e-06	53	8.714638e-06	
4.345295e+06	0	1.861365e-05	106	2.800000e-08	1.097976e-05	1078741991	8.900785e-06	
4.426899e+06	1	2.438541e-05	13	3.649164e-07	2.583873e-05	1078741991	8.900785e-06	
4.462801e+06	3	1.539507e-05	55	2.366896e-08	1.038165e-05	1035956119	8.833436e-06	1494850122	1.891143e-08	
4.557502e+06	0	2.358510e-05	16	8.400000e-08	1.583555e-05	34	1.097976e-05	
4.611340e+06	1	1.223234e-05	5	9.504967e-07	3.555141e-05	46	1.097976e-05	
4.634933e+06	4	8.493147e-06	1128056158	1.913066e-08	8.714638e-06	2795063678	8.714916e-06	3414514926	1.400000e-08	
4.707757e+06	0	3.249552e-05	1	5.156607e-07	2.899533e-05	1239307652	8.714638e-06	
4.753145e+06	0	4.359714e-05	5	9.504967e-07	3.555141e-05	71	8.714638e-06	
4.775825e+06	3	1.247254e-05	57	1.400000e-08	8.714638e-06	3393811039	8.994164e-06	2312786130	1.469542e-08	3537925318	1.469542e-08	
4.808235e+06	0	1.839648e-05	29	2.800000e-08	1.097976e-05	1026028388	9.282624e-06	
4.881052e+06	1	4.102857e-05	8	1.641960e-06	4.265739e-05	36	8.714638e-06	
4.924341e+06	0	4.670976e-05	8	1.641960e-06	4.265739e-05	74	1.097976e-05	
4.970950e+06	2	2.389947e-05	10	1.035228e-06	3.657790e-05	14	2.581708e-05	1634407402	1.415487e-08	3869596591	1.415487e-08	3375523036	1.415487e-08	772925454	1.415487e-08	2215785330	1.415487e-08	
5.114041e+06	0	4.728384e-05	8	1.641960e-06	4.265739e-05	99	1.097976e-05	
5.114770e+06	4	8.690600e-06	34	1.400000e-08	8.714638e-06	1239307652	8.714638e-06	3491092596	1.400000e-08	57770090	1.400000e-08	
5.148439e+06	1	2.403141e-05	8	1.669960e-06	4.289850e-05	96	1.097976e-05	
5.194213e+06	2	2.132198e-05	2	4.070920e-07	2.679811e-05	88	1.097976e-05	3071577057	2.690797e-08	
5.233643e+06	1	6.594936e-06	10	1.063228e-06	3.690474e-05	152	1.097976e-05	
5.283729e+06	3	8.670271e-06	117	1.400000e-08	8.714638e-06	94	1.097976e-05	1452489764	1.400000e-08	4260098875	1.400000e-08	3696843781	1.400000e-08	
5.314901e+06	1	4.539361e-05	8	1.697960e-06	4.313693e-05	97	1.097976e-05	
5.385765e+06	1	1.962943e-05	13	3.789164e-07	2.616502e-05	3696843781	8.714638e-06	
5.448508e+06	1	3.590258e-05	8	1.711960e-06	4.325516e-05	3179285865	8.714638e-06	
5.462623e+06	1	3.094208e-05	8	1.727351e-06	4.338440e-05	937177227	8.994164e-06	
5.529277e+06	2	2.729525e-05	1	5.547921e-07	2.971097e-05	16	1.583555e-05	2138100036	1.495620e-08	1726701215	1.495620e-08	1412415798	1.495620e-08	
5.543901e+06	0	3.290173e-05	2	4.070920e-07	2.679811e-05	3491092596	8.714638e-06	
5.545086e+06	0	2.762191e-05	2	4.070920e-07	2.679811e-05	3491092596	8.714638e-06	
5.588954e+06	1	8.245084e-06	1	5.697483e-07	2.997559e-05	2138100036	8.908688e-06	
5.594147e+06	1	3.093376e-05	8	1.741351e-06	4.350129e-05	302486611	8.714638e-06	
5.899098e+06	0	3.017775e-05	2	4.070920e-07	2.679811e-05	1726701215	8.908688e-06	
5.936806e+06	0	1.807924e-05	106	2.800000e-08	1.097976e-05	438292632	8.900785e-06	
6.031859e+06	0	3.380913e-05	1	5.697483e-07	2.997559e-05	1026028388	9.282624e-06	
6.148947e+06	0	1.697602e-05	1726701215	1.495620e-08	8.908688e-06	2029773149	8.714638e-06	
6.158374e+06	1	1.001149e-05	1	5.837483e-07	3.021912e-05	57770090	8.714638e-06	
6.218189e+06	4	5.223499e-06	3396227953	1.920296e-08	8.714638e-06	848448836	8.715195e-06	375852842	1.400000e-08	
6.273410e+06	0	1.749898e-05	1128056158	1.913066e-08	8.714638e-06	438292632	8.900785e-06	
6.446412e+06	1	1.705577e-05	8	1.755351e-06	4.361756e-05	3414514926	8.714638e-06	
6.626751e+06	3	1.087569e-05	137	2.614966e-08	1.073236e-05	188552836	8.714638e-06	3593732192	1.585034e-08	
6.688037e+06	1	1.573916e-05	8	1.779020e-06	4.381273e-05	55	1.038165e-05	
6.733901e+06	0	1.657311e-05	51	2.800000e-08	1.097976e-05	40	8.714638e-06	
6.772152e+06	1	2.961306e-05	10	1.091228e-06	3.722590e-05	41	1.097976e-05	
6.828283e+06	3	2.121831e-05	2	4.068337e-07	2.679244e-05	1285693762	8.714638e-06	3888264012	1.425830e-08	
6.923733e+06	0	3.414255e-05	2	4.068337e-07	2.679244e-05	3888264012	8.767907e-06	
6.973794e+06	0	1.613505e-05	1726701215	1.495620e-08	8.908688e-06	71	8.714638e-06	
7.005275e+06	3	7.031001e-06	120	2.527745e-08	9.246433e-06	2001290253	8.714638e-06	313359544	1.672255e-08	
7.125765e+06	1	4.200315e-05	8	1.793020e-06	4.392736e-05	40	8.714638e-06	
7.303744e+06	1	2.467581e-05	2	4.348337e-07	2.739351e-05	37	1.097976e-05	
7.613843e+06	1	2.009582e-05	1	5.987045e-07	3.047503e-05	1412415798	8.908688e-06	
7.614552e+06	3	8.953376e-06	150	2.747961e-08	1.091131e-05	74	1.097976e-05	217284033	1.426019e-08	2151269300	1.426019e-08	
7.617197e+06	1	2.950942e-05	1	6.267045e-07	3.094289e-05	18	1.097976e-05	
7.856354e+06	0	1.779174e-05	137	2.614966e-08	1.073236e-05	117	8.714638e-06	
7.968816e+06	0	3.970201e-05	5	9.504967e-07	3.555141e-05	3396227953	8.714638e-06	
8.028007e+06	0	1.378552e-05	49	2.800000e-08	1.097976e-05	29	1.097976e-05	
8.090962e+06	1	9.876229e-02	0	1.000000e+00	1.000000e-01	70	1.097976e-05	
8.133194e+06	0	2.777561e-05	2	4.348337e-07	2.739351e-05	2029773149	8.714638e-06	
8.293288e+06	3	1.448960e-05	81	2.168453e-08	1.008301e-05	1639799867	8.714638e-06	3913511150	2.031547e-08	
8.413220e+06	1	1.948274e-05	1	6.436242e-07	3.121889e-05	1026028388	9.282624e-06	
8.443615e+06	1	3.997374e-05	5	1.006497e-06	3.623632e-05	146	1.383363e-05	
8.448182e+06	1	1.001221e-05	63	4.215487e-08	1.258411e-05	772925454	8.746654e-06	
8.566871e+06	0	1.442898e-05	137	2.614966e-08	1.073236e-05	217284033	8.768295e-06	
8.644911e+06	0	2.937291e-05	2	4.348337e-07	2.739351e-05	47	1.097976e-05	
8.705452e+06	0	3.463307e-05	1	6.436242e-07	3.121889e-05	2029773149	8.714638e-06	
8.819726e+06	0	1.648002e-05	375852842	1.400000e-08	8.714638e-06	3491092596	8.714638e-06	
8.898679e+06	2	1.017423e-05	2	4.475496e-07	2.765798e-05	3071577057	1.083512e-05	2962530363	1.419211e-08	
8.945878e+06	3	9.727678e-06	118	1.400000e-08	8.714638e-06	57	8.714638e-06	2063946235	1.400000e-08	1172086036	1.400000e-08	
9.012947e+06	0	1.856183e-05	116	2.800000e-08	1.097976e-05	1211996162	8.833436e-06	
9.023762e+06	1	2.435067e-05	2	4.617417e-07	2.794729e-05	2962530363	8.754318e-06	
9.075704e+06	3	9.004974e-06	3888264012	1.425830e-08	8.714638e-06	2063946235	8.714638e-06	690117576	1.400000e-08	
9.647705e+06	1	2.617987e-05	1	6.576242e-07	3.144362e-05	2029773149	8.714638e-06	
9.777133e+06	1	3.581003e-05	5	1.020499e-06	3.640359e-05	3687573659	8.715195e-06	
9.924752e+06	1	2.908456e-05	8	1.821020e-06	4.415483e-05	80	1.097976e-05	
1.000254e+07	0	3.767396e-05	1	6.576242e-07	3.144362e-05	47	1.097976e-05	
1.007623e+07	1	3.008483e-05	8	1.835020e-06	4.426770e-05	1172086036	8.714638e-06	
1.028629e+07	3	1.013540e-05	35	1.400000e-08	8.714638e-06	1726701215	8.908688e-06	3288380490	1.447810e-08	845665321	1.447810e-08	
1.041810e+07	0	3.602962e-05	2	4.617417e-07	2.794729e-05	3288380490	8.812731e-06	
1.063721e+07	1	1.651343e-05	5	1.034499e-06	3.656931e-05	3491092596	8.714638e-06	
1.092329e+07	0	2.071361e-05	136	2.800000e-08	1.097976e-05	72	1.097976e-05	
1.096662e+07	1	1.241175e-05	8	1.849020e-06	4.437999e-05	71	8.714638e-06	
1.110192e+07	1	1.653083e-05	10	1.112913e-06	3.747087e-05	81	1.008301e-05	
1.115741e+07	1	2.899697e-05	10	1.140913e-06	3.778251e-05	38	1.097976e-05	
1.141515e+07	0	4.559335e-05	8	1.849020e-06	4.437999e-05	2909632847	8.994164e-06	
1.149281e+07	1	9.800344e-02	0	1.000000e+00	1.000000e-01	72	1.097976e-05	
1.157173e+07	0	1.820638e-05	133	2.800000e-08	1.097976e-05	129	1.097976e-05	
1.158329e+07	0	4.507615e-05	5	1.034499e-06	3.656931e-05	845665321	8.812731e-06	
1.159227e+07	0	3.586331e-05	2	4.617417e-07	2.794729e-05	845665321	8.812731e-06	
1.180309e+07	1	1.908353e-05	1	6.721023e-07	3.167270e-05	3288380490	8.812731e-06	
1.189240e+07	1	7.372093e-06	113	4.269542e-08	1.263767e-05	3537925318	8.856606e-06	
1.218108e+07	0	1.891470e-05	131	2.800000e-08	1.097976e-05	3196256300	8.715195e-06	
1.267425e+07	1	1.566620e-05	8	1.863020e-06	4.449172e-05	2707128518	8.714638e-06	
1.267575e+07	0	1.466706e-05	107	2.800000e-08	1.097976e-05	60	1.097976e-05	
1.275490e+07	0	4.612086e-05	8	1.863020e-06	4.449172e-05	136	1.097976e-05	
1.279195e+07	2	2.743541e-05	1	6.763305e-07	3.173898e-05	47	1.097976e-05	3122982648	2.377176e-08	
1.288984e+07	1	2.069079e-05	1	7.001023e-07	3.210656e-05	3122982648	1.039666e-05	
1.295755e+07	0	1.225526e-05	375852842	1.400000e-08	8.714638e-06	118	8.714638e-06	
1.335205e+07	4	7.042132e-06	740082705	1.471652e-08	8.714638e-06	3888264012	8.714638e-06	1471982444	1.400000e-08	
1.338790e+07	1	4.164438e-05	8	1.878625e-06	4.461559e-05	1931993247	9.035552e-06	
1.408970e+07	0	1.924859e-05	101	2.800000e-08	1.097976e-05	87	1.097976e-05	
1.418176e+07	1	3.591082e-05	10	1.159824e-06	3.799013e-05	1494850122	9.633441e-06	
1.421455e+07	1	9.916867e-02	0	1.000000e+00	1.000000e-01	474866315	8.714638e-06	
1.428507e+07	0	1.358656e-05	375852842	1.400000e-08	8.714638e-06	2328232000	8.714638e-06	
1.436993e+07	3	1.317151e-05	3593732192	1.539171e-08	8.809324e-06	2916276788	8.715195e-06	3303338876	1.446131e-08	
1.438666e+07	1	4.264234e-05	8	1.920779e-06	4.494684e-05	63	1.258411e-05	
1.444574e+07	0	2.880514e-05	2	4.617417e-07	2.794729e-05	3913511150	9.866178e-06	
1.452476e+07	1	3.115201e-05	10	1.187824e-06	3.829341e-05	93	1.097976e-05	
1.453450e+07	1	2.103354e-05	8	1.934779e-06	4.505578e-05	1452489764	8.714638e-06	
1.454261e+07	0	2.138049e-05	99	2.800000e-08	1.097976e-05	61	1.097976e-05	
1.459848e+07	1	9.865244e-02	0	1.000000e+00	1.000000e-01	139	1.097976e-05	
1.472636e+07	1	9.994300e-02	0	1.000000e+00	1.000000e-01	106	1.097976e-05	
1.482817e+07	1	2.384766e-05	2	4.771325e-07	2.825442e-05	611212867	8.994164e-06	
1.496910e+07	1	9.899750e-02	0	1.000000e+00	1.000000e-01	3869596591	8.746654e-06	
1.522196e+07	4	4.970147e-06	127	1.400000e-08	8.714638e-06	2312786130	8.856606e-06	2875471576	1.434771e-08	1738909006	1.434771e-08	
1.553798e+07	3	1.259609e-05	3913511150	2.089586e-08	8.714638e-06	310481256	8.833436e-06	356405251	1.400000e-08	
1.555926e+07	1	9.555402e-06	5	1.049080e-06	3.674031e-05	1211996162	8.833436e-06	
1.568386e+07	1	1.988421e-05	8	1.948779e-06	4.516419e-05	4260098875	8.714638e-06	
1.573128e+07	1	1.975269e-05	8	1.963241e-06	4.527563e-05	3303338876	8.809324e-06	
1.710907e+07	1	9.923071e-02	0	1.000000e+00	1.000000e-01	118	8.714638e-06	
1.714457e+07	1	2.538888e-05	1	7.209981e-07	3.242286e-05	3913511150	8.714638e-06	
1.717148e+07	0	1.239996e-05	3396227953	1.920296e-08	8.714638e-06	3593732192	8.809324e-06	
1.794066e+07	3	1.921173e-05	1	7.173116e-07	3.236751e-05	356405251	8.714638e-06	2879167783	1.768654e-08	
1.795525e+07	0	3.917680e-05	5	1.049080e-06	3.674031e-05	108	1.097976e-05	
1.833169e+07	0	4.744602e-05	8	1.963241e-06	4.527563e-05	51	1.097976e-05	
1.879134e+07	3	1.263921e-05	2879167783	1.907825e-08	8.714638e-06	3593732192	8.809324e-06	3083352544	1.400000e-08	
1.885190e+07	0	5.344319e-05	8	1.963241e-06	4.527563e-05	2151269300	8.768295e-06	
1.913532e+07	0	3.887154e-05	10	1.187824e-06	3.829341e-05	438292632	8.900785e-06	
1.938642e+07	1	2.590877e-05	1	7.313116e-07	3.257673e-05	3083352544	8.714638e-06	
1.945316e+07	1	1.040851e-05	10	1.215824e-06	3.859197e-05	99	1.097976e-05	
1.948256e+07	1	3.670720e-05	10	1.243824e-06	3.888598e-05	128	1.097976e-05	
1.959059e+07	1	2.926441e-05	1	7.503899e-07	3.285759e-05	2879167783	8.714638e-06	
2.003455e+07	2	2.718141e-05	2	4.866078e-07	2.844023e-05	51	1.097976e-05	4198169764	1.852473e-08	
2.015834e+07	1	3.360051e-05	5	1.067605e-06	3.695531e-05	4198169764	9.567328e-06	
2.017482e+07	1	3.637420e-05	8	1.991241e-06	4.548986e-05	148	1.097976e-05	
2.077634e+07	0	3.932969e-05	1	7.503899e-07	3.285759e-05	53	8.714638e-06	
2.084704e+07	0	1.631765e-05	3375523036	1.415487e-08	8.746654e-06	127	8.714638e-06	
2.149788e+07	1	3.375718e-05	8	2.006632e-06	4.560676e-05	1104410542	8.994164e-06	
2.156074e+07	1	3.908751e-05	8	2.034632e-06	4.581791e-05	124	1.097976e-05	
2.230773e+07	1	1.070054e-05	8	2.062632e-06	4.602713e-05	125	1.097976e-05	
2.232406e+07	0	6.492894e-05	5	1.067605e-06	3.695531e-05	2	2.844023e-05	
2.289517e+07	0	1.031228e-05	375852842	1.400000e-08	8.714638e-06	127	8.714638e-06	
2.330585e+07	1	9.878664e-02	0	1.000000e+00	1.000000e-01	154	1.097976e-05	
2.350165e+07	0	3.877094e-05	1	7.503899e-07	3.285759e-05	34	8.714638e-06	
2.359888e+07	1	1.758505e-05	2	5.008680e-07	2.871537e-05	2151269300	8.768295e-06	
2.448198e+07	1	1.419955e-05	5	1.086807e-06	3.717556e-05	3396227953	8.714638e-06	
2.586390e+07	1	3.133137e-05	5	1.100807e-06	3.733451e-05	2328232000	8.714638e-06	
2.643651e+07	2	1.852553e-05	1	7.597790e-07	3.299406e-05	28	1.097976e-05	821115011	1.861082e-08	
2.643652e+07	1	1.203969e-05	1	7.783899e-07	3.326129e-05	821115011	9.582125e-06	
2.653139e+07	0	4.894113e-05	8	2.062632e-06	4.602713e-05	2215785330	8.746654e-06	
2.667292e+07	1	1.919295e-05	5	1.115155e-06	3.749601e-05	1738909006	8.786196e-06	
2.727084e+07	1	3.088415e-05	5	1.143155e-06	3.780725e-05	108	1.097976e-05	
2.742273e+07	3	7.428172e-06	2	4.969788e-07	2.864085e-05	136	1.097976e-05	2118016430	1.594458e-08	1945735688	1.594458e-08	
2.750708e+07	1	1.262566e-05	8	2.077548e-06	4.613782e-05	438292632	8.900785e-06	
2.783825e+07	1	1.967854e-05	10	1.271824e-06	3.917560e-05	131	1.097976e-05	
2.828343e+07	0	4.029858e-05	1	7.783899e-07	3.326129e-05	149	1.097976e-05	
2.864364e+07	1	2.363182e-05	5	1.159100e-06	3.798221e-05	1945735688	9.100760e-06	
2.875346e+07	0	5.032567e-05	8	2.077548e-06	4.613782e-05	3321237907	9.682240e-06	
2.975326e+07	0	4.182596e-05	5	1.159100e-06	3.798221e-05	107	1.097976e-05	
2.978662e+07	1	4.268099e-05	8	2.091896e-06	4.624378e-05	2875471576	8.786196e-06	
3.024526e+07	1	9.829884e-02	0	1.000000e+00	1.000000e-01	129	1.097976e-05	
3.044729e+07	1	9.962335e-02	0	1.000000e+00	1.000000e-01	142	1.097976e-05	
3.083723e+07	0	5.620524e-05	8	2.091896e-06	4.624378e-05	113	1.263767e-05	
3.089799e+07	0	2.098892e-05	60	2.800000e-08	1.097976e-05	137	1.073236e-05	
3.130873e+07	1	9.924947e-02	0	1.000000e+00	1.000000e-01	3321237907	9.682240e-06	
3.145771e+07	1	9.942048e-02	0	1.000000e+00	1.000000e-01	60	1.097976e-05	
3.223776e+07	0	3.727492e-05	1	7.783899e-07	3.326129e-05	34	8.714638e-06	
3.231851e+07	1	1.000019e-01	0	1.000000e+00	1.000000e-01	34	8.714638e-06	
3.253038e+07	1	1.430210e-05	5	1.182429e-06	3.823534e-05	39	1.033169e-05	
3.338847e+07	0	5.340999e-05	5	1.182429e-06	3.823534e-05	2	2.864085e-05	
3.444563e+07	2	5.930032e-05	5	1.929961e-06	4.501834e-05	1	3.326129e-05	4093093422	1.400000e-08	2842015324	1.685777e-08	
3.476465e+07	0	4.740187e-05	5	1.929961e-06	4.501834e-05	845665321	8.812731e-06	
3.489444e+07	1	9.781818e-02	0	1.000000e+00	1.000000e-01	110	1.097976e-05	
3.491727e+07	1	1.000059e-01	0	1.000000e+00	1.000000e-01	845665321	8.812731e-06	
3.534046e+07	1	4.237872e-05	5	1.946819e-06	4.514904e-05	2842015324	9.271287e-06	
3.606566e+07	0	5.059306e-05	5	1.946819e-06	4.514904e-05	4093093422	8.714638e-06	
3.608493e+07	1	9.940940e-02	0	1.000000e+00	1.000000e-01	150	1.091131e-05	
3.685358e+07	0	1.975090e-05	87	2.800000e-08	1.097976e-05	551137729	8.833436e-06	
3.736070e+07	1	9.994327e-02	0	1.000000e+00	1.000000e-01	122	1.097976e-05	
3.895659e+07	1	4.015477e-05	5	1.960819e-06	4.525700e-05	3147695692	8.714638e-06	
3.918297e+07	1	3.107449e-05	8	2.108618e-06	4.636668e-05	313359544	9.246433e-06	
3.928797e+07	1	9.964662e-02	0	1.000001e+00	1.000000e-01	109	1.097976e-05	
4.178971e+07	1	3.263549e-05	5	1.975735e-06	4.537148e-05	2723643411	8.900785e-06	
4.216959e+07	1	2.810283e-05	5	2.003735e-06	4.558480e-05	49	1.097976e-05	
4.237769e+07	1	9.942392e-02	0	1.000001e+00	1.000000e-01	29	1.097976e-05	
4.256156e+07	0	5.334935e-05	5	2.003735e-06	4.558480e-05	127	8.714638e-06	
4.279761e+07	1	9.857745e-02	0	1.000001e+00	1.000000e-01	145	1.097976e-05	
4.345663e+07	0	3.568503e-05	2	4.969788e-07	2.864085e-05	87	1.097976e-05	
4.434010e+07	1	3.716198e-05	8	2.123335e-06	4.647430e-05	740082705	8.714638e-06	
4.450203e+07	4	7.122505e-06	4093093422	1.400000e-08	8.714638e-06	375852842	8.714638e-06	1249238030	1.400000e-08	
4.451490e+07	1	9.999577e-02	0	1.000001e+00	1.000000e-01	127	8.714638e-06	
4.619052e+07	1	9.997369e-02	0	1.000001e+00	1.000000e-01	3642829293	8.714916e-06	
4.727297e+07	1	2.151346e-05	8	2.137337e-06	4.657623e-05	3196256300	8.715195e-06	
5.031103e+07	1	9.886063e-02	0	1.000001e+00	1.000000e-01	690117576	8.714638e-06	
5.197858e+07	1	9.967824e-02	0	1.000001e+00	1.000000e-01	61	1.097976e-05	
5.226109e+07	1	2.782353e-05	5	2.046430e-06	4.590630e-05	113	1.263767e-05	
5.242155e+07	1	9.998548e-02	0	1.000001e+00	1.000000e-01	1128056158	8.714638e-06	
5.247467e+07	1	9.989351e-02	0	1.000001e+00	1.000000e-01	144	1.097976e-05	
5.271530e+07	1	9.955545e-02	0	1.000001e+00	1.000000e-01	551137729	8.833436e-06	
5.281545e+07	1	1.614228e-06	8	2.151337e-06	4.667771e-05	4093093422	8.714638e-06	
5.318043e+07	2	3.195022e-05	10	1.622436e-06	4.248763e-05	2	2.864085e-05	3214077756	1.463670e-08	879162223	1.463670e-08	3884425642	1.463670e-08	1149406307	1.463670e-08	3528332227	1.463670e-08	4004407106	1.463670e-08	451270221	1.463670e-08	3149440925	1.463670e-08	2250775120	1.463670e-08	1130108289	1.463670e-08	
5.322716e+07	0	2.698468e-05	13	3.789164e-07	2.616502e-05	451270221	8.844793e-06	
5.335385e+07	0	4.982390e-05	5	2.046430e-06	4.590630e-05	53	8.714638e-06	
5.364393e+07	1	1.429544e-05	10	1.637073e-06	4.261502e-05	1149406307	8.844793e-06	
5.445987e+07	1	1.579823e-05	8	2.165974e-06	4.678333e-05	3528332227	8.844793e-06	
5.657732e+07	1	4.326311e-05	5	2.061067e-06	4.601549e-05	451270221	8.844793e-06	
5.679985e+07	1	9.987222e-02	0	1.000001e+00	1.000000e-01	2909632847	8.994164e-06	
5.910409e+07	1	4.494976e-05	5	2.089067e-06	4.622293e-05	87	1.097976e-05	
6.002124e+07	1	9.872007e-02	0	1.000001e+00	1.000000e-01	141	1.097976e-05	
6.024257e+07	1	9.986446e-02	0	1.000001e+00	1.000000e-01	86	1.097976e-05	
6.126888e+07	1	2.792986e-06	5	2.103704e-06	4.633063e-05	3149440925	8.844793e-06	
6.166829e+07	1	9.948525e-02	0	1.000001e+00	1.000000e-01	126	1.097976e-05	
6.214980e+07	1	9.952058e-02	0	1.000001e+00	1.000000e-01	83	1.097976e-05	
6.217697e+07	3	1.169505e-05	105	1.400000e-08	8.714638e-06	1249238030	8.714638e-06	2177968201	1.400000e-08	2914302410	1.400000e-08	
6.310547e+07	1	9.857167e-02	0	1.000001e+00	1.000000e-01	1634407402	8.746654e-06	
6.453335e+07	1	3.847059e-05	8	2.179974e-06	4.688391e-05	117	8.714638e-06	
6.466129e+07	3	9.930254e-06	3375523036	1.415487e-08	8.714638e-06	2177968201	8.714638e-06	3655816389	1.400000e-08	
6.486280e+07	1	9.855504e-02	0	1.000001e+00	1.000000e-01	137	1.073236e-05	
6.545974e+07	3	1.443767e-05	143	1.400000e-08	8.714638e-06	133	1.097976e-05	3485819286	1.400000e-08	1382686479	1.400000e-08	1803925302	1.400000e-08	
6.775317e+07	1	3.419835e-05	5	2.117704e-06	4.643318e-05	1803925302	8.714638e-06	
6.795881e+07	1	3.135618e-05	5	2.131704e-06	4.653528e-05	105	8.714638e-06	
6.817123e+07	1	1.000013e-01	0	1.000001e+00	1.000000e-01	3485819286	8.714638e-06	
6.848952e+07	1	9.998220e-02	0	1.000001e+00	1.000000e-01	217284033	8.768295e-06	
6.864283e+07	1	9.998739e-02	0	1.000001e+00	1.000000e-01	3375523036	8.714638e-06	
6.890220e+07	1	9.999066e-02	0	1.000001e+00	1.000000e-01	120	9.246433e-06	
6.899018e+07	1	9.932314e-02	0	1.000001e+00	1.000000e-01	4004407106	8.844793e-06	
6.931187e+07	1	9.921944e-02	0	1.000001e+00	1.000000e-01	879162223	8.844793e-06	
6.978999e+07	1	7.864855e-06	8	2.193974e-06	4.698406e-05	143	8.714638e-06	
6.987982e+07	1	4.051465e-05	8	2.221974e-06	4.718309e-05	75	1.097976e-05	
7.112008e+07	1	9.986186e-02	0	1.000001e+00	1.000000e-01	2215785330	8.746654e-06	
7.257546e+07	1	9.983788e-02	0	1.000001e+00	1.000000e-01	1471982444	8.714638e-06	
7.280478e+07	1	9.999836e-02	0	1.000001e+00	1.000000e-01	3214077756	8.844793e-06	
7.353365e+07	1	9.995797e-02	0	1.000001e+00	1.000000e-01	1382686479	8.714638e-06	
7.422030e+07	1	9.894424e-02	0	1.000001e+00	1.000000e-01	119	1.383363e-05	
7.444696e+07	1	1.128434e-05	5	2.145704e-06	4.663693e-05	35	8.714638e-06	
7.946502e+07	1	9.919260e-02	0	1.000001e+00	1.000000e-01	115	1.097976e-05	
7.981168e+07	1	9.983735e-02	0	1.000001e+00	1.000000e-01	112	1.097976e-05	
7.997981e+07	1	9.986543e-02	0	1.000001e+00	1.000000e-01	3655816389	8.714638e-06	
8.142928e+07	1	9.998388e-02	0	1.000001e+00	1.000000e-01	2914302410	8.714638e-06	
8.219747e+07	1	1.626401e-05	5	2.173704e-06	4.683891e-05	116	1.097976e-05	
9.454353e+07	1	3.966553e-05	5	2.201704e-06	4.703917e-05	149	1.097976e-05	
1.011869e+08	1	9.996984e-02	0	1.000001e+00	1.000000e-01	101	1.097976e-05	
1.114619e+08	1	9.995408e-02	0	1.000001e+00	1.000000e-01	1130108289	8.844793e-06	
1.161697e+08	1	1.000088e-01	0	1.000001e+00	1.000000e-01	2118016430	9.100760e-06	
1.369181e+08	1	9.926634e-02	0	1.000001e+00	1.000000e-01	2250775120	8.844793e-06	
1.434102e+08	1	9.960554e-02	0	1.000001e+00	1.000000e-01	104	1.097976e-05	
1.700350e+08	1	9.992444e-02	0	1.000001e+00	1.000000e-01	114	1.097976e-05	
1.923584e+08	0	5.462585e-05	5	2.201704e-06	4.703917e-05	3884425642	8.844793e-06	
2.053955e+08	1	9.993051e-02	0	1.000001e+00	1.000000e-01	3884425642	8.844793e-06	
